1000016	1000332
1000022	1054447
1000070	1004775
1000075	1000075
1000075	1000075
1000075	1007019
1000075	1027822
1000075	1068859
1000075	1106554
1000078	1036525
1000083	1004674
1000092	1000092
1000092	1000092
1000092	1013778
1000092	1036503
1000092	1049855
1000092	1212047
1000108	1049545
1000111	1122324
1000151	1014057
1000170	1007008
1000170	1013816
1000170	1025139
1000170	1027176
1000170	1050853
1000225	1022676
1000248	1000676
1000248	1005091
1000248	1010510
1000248	1018986
1000248	1022004
1000248	1040757
1000248	1309995
1000248	1346574
1000253	1045119
1000257	1000336
1000264	1002672
1000264	1033056
1000264	1055787
1000264	1110809
1000264	1145584
1000304	1054437
1000332	1000016
1000332	1000332
1000332	1000332
1000332	1012547
1000332	1013913
1000332	1027565
1000332	1031934
1000332	1032344
1000332	1049990
1000332	1077047
1000332	1145096
1000336	1000257
1000336	1000474
1000336	1009379
1000336	1010653
1000336	1013911
1000336	1044915
1000336	1071259
1000362	1042350
1000373	1040705
1000373	1041029
1000432	1100149
1000471	1000471
1000471	1000471
1000471	1025619
1000471	1068577
1000474	1000336
1000474	1000474
1000474	1000474
1000474	1036397
1000474	1071259
1000491	1066222
1000506	1048002
1000526	1006938
1000526	1016668
1000526	1345803
1000538	1050170
1000548	1012676
1000548	1018071
1000548	1022676
1000548	1044710
1000548	1144630
1000548	1211657
1000571	1281579
1000572	1005319
1000572	1275747
1000572	1303298
1000643	1066222
1000653	1037479
1000663	1019345
1000676	1000248
1000676	1021997
1000676	1165662
1000676	1202424
1000744	1275943
1000771	1018046
1000781	1003174
1000781	1015047
1000781	1048706
1000823	1000823
1000823	1000823
1000823	1003577
1000823	1005233
1000823	1021293
1000823	1025531
1000823	1308546
1000823	1316641
1000862	1004891
1000905	1274255
1000905	1320411
1000957	1250693
1001013	1001013
1001013	1001013
1001013	1005071
1001013	1025384
1001041	1025229
1001041	1037479
1001042	1037870
1001042	1042693
1001127	1341567
1001132	1224434
1001484	1001484
1001484	1001484
1001484	1022999
1001535	1028889
1001535	1030200
1001535	1151079
1001569	1023872
1001599	1204017
1001643	1001643
1001643	1001643
1001643	1022544
1001643	1033690
1001643	1050774
1001643	1194246
1001643	1288566
1001714	1031500
1001714	1138320
1001714	1274346
1001714	1274833
1001714	1328052
1001951	1028889
1001951	1038001
1001951	1042523
1001978	1012784
1002071	1005883
1002071	1022999
1002071	1320583
1002071	1352366
1002135	1043004
1002372	1274389
1002508	1110065
1002665	1313252
1002666	1276164
1002667	1014625
1002667	1025184
1002672	1000264
1002675	1002675
1002675	1002675
1002675	1017894
1002675	1044964
1002675	1318216
1002680	1002700
1002689	1017947
1002700	1002680
1002700	1036879
1002700	1040682
1002700	1057634
1002700	1167644
1002700	1185863
1002705	1023714
1002725	1005010
1002727	1013817
1002751	1049820
1002776	1171485
1002789	1224434
1002848	1035646
1002848	1040777
1002848	1301051
1002874	1002874
1002874	1002874
1002874	1018067
1002874	1054511
1002902	1031822
1002902	1036879
1002955	1019345
1002955	1037371
1002966	1002966
1002966	1002966
1002966	1010708
1002966	1361996
1003084	1082144
1003174	1000781
1003174	1332156
1003483	1032915
1003484	1048022
1003488	1054447
1003493	1049716
1003577	1000823
1003577	1003577
1003577	1003577
1003577	1006385
1003577	1275199
1003577	1319406
1003625	1009354
1003627	1034148
1003658	1327283
1003727	1034148
1003737	1014057
1003737	1031173
1003807	1013705
1003951	1021244
1003951	1027092
1004141	1012937
1004573	1014071
1004576	1014037
1004576	1055928
1004576	1111800
1004586	1250693
1004589	1010571
1004590	1004590
1004590	1004590
1004590	1013879
1004590	1122604
1004590	1180637
1004590	1212947
1004590	1247750
1004591	1040516
1004601	1080080
1004620	1209168
1004661	1025219
1004674	1000083
1004674	1016669
1004674	1025506
1004674	1040998
1004674	1128854
1004674	1253761
1004691	1044900
1004691	1049815
1004703	1222557
1004775	1000070
1004775	1049512
1004775	1315557
1004789	1116725
1004817	1367639
1004891	1000862
1004891	1005299
1004891	1022980
1004891	1358383
1004899	1019043
1004899	1032421
1004899	1032887
1004899	1041649
1004899	1054420
1004899	1157277
1004899	1292472
1004899	1390696
1004984	1028328
1005010	1002725
1005010	1005010
1005010	1005010
1005010	1016669
1005010	1021997
1005010	1025183
1005010	1031755
1005010	1031915
1005054	1005054
1005054	1005054
1005054	1017894
1005054	1041013
1005054	1060370
1005071	1001013
1005071	1045843
1005071	1331220
1005091	1000248
1005110	1274388
1005110	1315743
1005127	1274869
1005163	1005163
1005163	1005163
1005163	1054441
1005189	1023112
1005208	1007192
1005233	1000823
1005233	1025145
1005233	1340431
1005268	1005268
1005268	1005268
1005268	1023040
1005268	1314441
1005269	1032476
1005286	1046482
1005286	1367639
1005299	1004891
1005299	1027635
1005319	1000572
1005319	1005319
1005319	1005319
1005319	1050540
1005319	1274479
1005319	1274608
1005319	1275044
1005319	1313252
1005319	1314024
1005319	1325065
1005345	1019345
1005438	1005438
1005438	1005438
1005438	1024141
1005438	1024439
1005438	1030117
1005438	1109413
1005438	1275943
1005438	1276112
1005438	1312902
1005438	1319649
1005438	1341567
1005530	1027635
1005773	1031860
1005773	1184188
1005797	1007395
1005797	1016968
1005797	1018668
1005797	1019646
1005797	1047488
1005797	1151757
1005797	1274418
1005883	1002071
1005883	1037118
1005883	1042884
1005883	1053845
1005883	1198234
1005883	1274902
1006093	1009851
1006103	1274299
1006117	1013859
1006262	1023950
1006273	1012515
1006292	1324960
1006332	1006332
1006332	1006332
1006332	1015315
1006332	1022410
1006332	1029930
1006332	1050765
1006332	1274377
1006332	1274454
1006332	1312902
1006339	1042693
1006385	1003577
1006385	1030117
1006385	1215722
1006385	1319406
1006392	1023587
1006677	1045797
1006691	1045243
1006860	1006860
1006860	1006860
1006860	1010260
1006860	1023967
1006860	1028889
1006860	1037138
1006860	1328157
1006871	1006871
1006871	1006871
1006871	1037758
1006871	1321863
1006919	1022778
1006919	1081065
1006938	1000526
1006938	1334211
1006955	1031860
1006955	1045113
1006955	1161039
1006977	1165662
1006995	1116725
1006999	1018559
1007008	1000170
1007015	1049815
1007016	1028044
1007018	1007018
1007018	1007018
1007018	1012519
1007018	1027151
1007018	1031860
1007018	1044711
1007018	1044964
1007018	1111919
1007018	1289436
1007019	1000075
1007019	1007019
1007019	1007019
1007019	1019063
1007019	1028025
1007019	1036608
1007019	1036687
1007019	1051741
1007064	1019162
1007064	1054511
1007064	1066222
1007064	1070141
1007064	1116502
1007064	1285091
1007074	1018131
1007074	1027844
1007103	1098163
1007126	1008619
1007152	1007152
1007152	1007152
1007152	1033056
1007189	1034148
1007192	1005208
1007192	1007192
1007192	1007192
1007192	1019162
1007192	1020659
1007192	1032335
1007192	1050032
1007192	1054518
1007192	1091607
1007207	1027159
1007207	1044721
1007395	1005797
1007442	1007442
1007442	1007442
1007442	1052617
1007835	1158177
1008064	1013892
1008064	1022928
1008064	1027136
1008064	1044731
1008064	1044888
1008067	1008067
1008067	1008067
1008067	1015870
1008067	1315155
1008067	1331154
1008070	1316405
1008108	1024439
1008108	1158177
1008147	1014902
1008148	1008148
1008148	1008148
1008148	1145651
1008191	1032915
1008209	1279984
1008280	1028328
1008299	1008299
1008299	1008299
1008299	1009618
1008299	1013702
1008299	1019909
1008299	1021244
1008299	1037679
1008299	1037870
1008299	1318963
1008302	1080463
1008302	1313655
1008390	1034148
1008390	1327283
1008394	1037870
1008548	1034148
1008619	1007126
1008619	1008619
1008619	1008619
1008619	1020051
1008619	1020279
1008619	1043276
1008747	1009525
1008747	1029979
1008747	1031254
1008747	1041416
1009179	1274258
1009179	1275044
1009179	1342809
1009214	1049670
1009219	1038066
1009219	1316641
1009219	1325580
1009256	1041027
1009257	1276164
1009269	1054399
1009317	1025219
1009323	1022778
1009350	1013892
1009354	1003625
1009354	1009354
1009354	1009354
1009354	1019240
1009354	1025592
1009363	1022778
1009379	1000336
1009379	1010653
1009405	1054532
1009405	1193055
1009405	1272303
1009511	1027217
1009511	1048173
1009511	1048209
1009525	1008747
1009567	1036452
1009599	1274964
1009601	1274869
1009615	1054447
1009618	1008299
1009851	1006093
1009851	1029875
1009851	1033257
1009851	1216319
1009888	1009888
1009888	1009888
1010008	1022980
1010208	1274825
1010260	1006860
1010507	1045298
1010510	1000248
1010510	1047974
1010543	1159716
1010559	1036422
1010561	1016786
1010571	1004589
1010571	1010571
1010571	1010571
1010571	1016708
1010571	1017894
1010571	1054430
1010571	1155350
1010571	1287811
1010593	1031222
1010622	1100870
1010653	1000336
1010653	1009379
1010653	1017888
1010653	1028021
1010653	1044915
1010653	1045216
1010653	1061605
1010653	1106325
1010653	1310480
1010655	1066615
1010688	1073828
1010708	1002966
1010731	1015751
1010731	1038001
1010731	1151085
1010731	1327283
1010757	1075277
1010920	1080463
1010940	1275947
1011398	1012411
1011398	1274287
1011453	1315737
1011479	1274255
1011479	1316125
1011479	1320411
1011479	1327156
1011725	1318216
1011925	1025610
1011925	1031254
1011925	1037962
1012196	1013529
1012314	1140849
1012411	1011398
1012411	1012411
1012411	1012411
1012411	1314762
1012411	1318372
1012463	1012463
1012463	1012463
1012463	1024551
1012463	1352448
1012506	1012506
1012506	1012506
1012506	1025144
1012506	1031849
1012506	1036412
1012506	1049713
1012506	1089839
1012506	1103191
1012506	1107980
1012507	1050141
1012515	1006273
1012515	1012515
1012515	1012515
1012515	1019133
1012515	1032358
1012515	1036570
1012515	1047979
1012516	1048144
1012517	1040529
1012519	1007018
1012519	1022827
1012520	1027257
1012520	1028855
1012520	1032405
1012520	1138841
1012520	1222557
1012536	1276532
1012543	1025400
1012543	1032143
1012543	1045051
1012543	1086951
1012547	1000332
1012553	1012553
1012553	1012553
1012553	1018149
1012553	1019240
1012553	1037367
1012566	1138841
1012611	1045271
1012611	1322107
1012611	1341821
1012646	1021293
1012646	1274407
1012654	1022769
1012663	1036712
1012663	1050074
1012676	1000548
1012727	1080463
1012727	1375560
1012784	1001978
1012784	1047488
1012784	1178655
1012784	1179886
1012897	1275308
1012937	1004141
1012937	1044746
1013026	1024103
1013026	1042544
1013026	1053845
1013026	1314625
1013043	1016942
1013084	1032915
1013105	1025850
1013105	1029504
1013105	1042523
1013105	1048566
1013529	1012196
1013529	1275548
1013529	1290001
1013529	1313992
1013702	1008299
1013705	1003807
1013705	1025426
1013705	1054424
1013705	1077298
1013755	1276164
1013756	1049541
1013776	1027257
1013778	1000092
1013795	1148744
1013799	1013799
1013799	1013799
1013799	1013859
1013799	1036471
1013799	1040570
1013816	1000170
1013817	1002727
1013817	1025211
1013817	1025242
1013817	1025245
1013817	1031899
1013817	1036758
1013817	1044919
1013817	1063999
1013817	1190071
1013835	1048022
1013838	1040516
1013841	1040688
1013841	1050406
1013845	1032624
1013845	1050032
1013854	1032405
1013859	1006117
1013859	1013799
1013859	1018806
1013859	1019166
1013859	1025260
1013859	1040624
1013859	1044708
1013859	1196942
1013879	1004590
1013890	1019071
1013892	1008064
1013892	1009350
1013892	1049765
1013910	1027174
1013911	1000336
1013911	1022620
1013911	1049729
1013912	1040516
1013912	1041165
1013913	1000332
1013934	1037479
1013934	1327522
1013935	1049815
1013938	1018334
1013938	1018984
1013938	1025534
1013938	1027887
1013938	1053575
1013992	1059904
1014019	1027887
1014037	1004576
1014037	1048145
1014057	1000151
1014057	1003737
1014057	1014057
1014057	1014057
1014057	1026487
1014057	1045028
1014057	1053652
1014057	1054425
1014057	1057189
1014057	1061147
1014057	1081065
1014071	1004573
1014071	1014071
1014071	1014071
1014071	1017947
1014071	1027844
1014071	1040531
1014071	1054534
1014071	1314114
1014131	1025219
1014223	1043004
1014229	1019318
1014229	1021263
1014229	1025580
1014229	1033566
1014229	1037337
1014229	1042487
1014229	1050793
1014229	1274379
1014229	1275037
1014255	1144252
1014473	1260550
1014497	1015520
1014531	1025156
1014531	1025232
1014531	1076649
1014531	1086138
1014531	1097322
1014550	1017067
1014625	1002667
1014711	1274299
1014716	1037742
1014781	1318949
1014781	1338217
1014902	1008147
1014902	1050981
1015047	1000781
1015047	1050995
1015070	1315737
1015088	1151085
1015108	1015751
1015108	1037679
1015108	1318963
1015115	1029395
1015115	1069845
1015115	1275269
1015115	1303774
1015186	1015186
1015186	1015186
1015186	1274576
1015186	1274842
1015186	1275044
1015199	1046960
1015199	1329525
1015203	1015203
1015203	1015203
1015203	1314625
1015203	1318963
1015315	1006332
1015315	1042350
1015520	1014497
1015520	1033422
1015520	1121531
1015608	1016942
1015751	1010731
1015751	1015108
1015751	1151085
1015751	1316641
1015870	1008067
1015870	1024141
1015870	1186310
1015870	1318963
1015870	1323460
1015870	1331154
1015870	1345791
1016212	1024824
1016666	1148744
1016668	1000526
1016668	1049805
1016668	1054424
1016668	1274246
1016668	1274289
1016668	1275715
1016668	1317526
1016669	1004674
1016669	1005010
1016680	1111800
1016708	1010571
1016775	1054447
1016780	1023112
1016780	1027635
1016786	1010561
1016786	1023163
1016786	1025264
1016786	1041291
1016786	1044900
1016786	1059768
1016818	1036422
1016866	1016866
1016866	1016866
1016866	1042235
1016878	1016942
1016878	1039098
1016893	1051068
1016942	1013043
1016942	1015608
1016942	1016878
1016942	1036950
1016942	1072670
1016968	1005797
1016968	1032915
1017055	1017055
1017055	1017055
1017055	1322329
1017055	1359145
1017055	1367995
1017067	1014550
1017067	1037529
1017067	1041841
1017067	1186310
1017207	1276036
1017742	1275331
1017742	1325580
1017885	1274869
1017888	1010653
1017894	1002675
1017894	1005054
1017894	1010571
1017894	1017894
1017894	1017894
1017902	1250693
1017913	1040533
1017913	1048210
1017913	1111352
1017918	1031902
1017947	1002689
1017947	1014071
1017947	1018627
1017947	1025145
1017947	1036384
1017947	1036879
1017947	1063993
1017947	1071315
1017960	1027242
1017975	1154263
1018026	1054437
1018046	1000771
1018051	1036608
1018056	1036833
1018056	1045187
1018060	1209168
1018067	1002874
1018071	1000548
1018093	1045070
1018093	1085884
1018093	1297549
1018098	1224434
1018131	1007074
1018131	1063993
1018149	1012553
1018149	1054511
1018158	1018989
1018199	1027243
1018334	1013938
1018334	1018334
1018334	1018334
1018334	1028286
1018334	1054393
1018334	1095627
1018373	1041024
1018395	1025219
1018404	1151535
1018406	1018406
1018406	1018406
1018406	1050468
1018406	1279984
1018406	1341719
1018466	1131524
1018559	1006999
1018559	1044721
1018559	1105141
1018569	1028283
1018591	1034596
1018627	1017947
1018647	1151535
1018668	1005797
1018708	1018708
1018708	1018708
1018708	1274263
1018708	1274348
1018708	1275221
1018783	1023405
1018783	1037758
1018806	1013859
1018817	1036554
1018817	1156674
1018820	1274978
1018981	1040525
1018984	1013938
1018984	1040857
1018986	1000248
1018986	1276164
1018989	1018158
1018990	1034596
1019001	1019001
1019001	1019001
1019001	1022778
1019001	1101562
1019001	1156674
1019001	1272303
1019001	1348696
1019019	1027136
1019019	1054534
1019028	1048144
1019041	1036456
1019043	1004899
1019049	1165662
1019052	1027887
1019063	1007019
1019063	1019063
1019063	1019063
1019063	1031838
1019063	1054431
1019063	1054455
1019071	1013890
1019071	1032588
1019071	1047974
1019071	1142087
1019071	1144124
1019082	1032075
1019082	1149774
1019089	1276532
1019102	1132194
1019130	1019345
1019133	1012515
1019133	1202424
1019149	1036687
1019162	1007064
1019162	1007192
1019162	1019162
1019162	1019162
1019162	1163751
1019166	1013859
1019189	1132194
1019240	1009354
1019240	1012553
1019240	1042437
1019264	1019909
1019264	1028795
1019264	1045894
1019264	1050793
1019264	1127809
1019264	1275208
1019268	1019268
1019268	1019268
1019268	1042482
1019268	1211879
1019278	1019278
1019278	1019278
1019278	1033056
1019278	1037445
1019278	1326496
1019318	1014229
1019318	1151085
1019345	1000663
1019345	1002955
1019345	1005345
1019345	1019130
1019398	1274459
1019481	1023392
1019481	1315816
1019646	1005797
1019745	1019745
1019745	1019745
1019745	1206865
1019745	1288873
1019896	1043561
1019909	1008299
1019909	1019264
1019909	1046482
1019909	1050981
1019909	1110065
1019938	1032034
1019938	1091607
1019948	1042157
1020051	1008619
1020058	1158177
1020062	1275943
1020068	1024824
1020232	1046482
1020257	1020257
1020257	1020257
1020257	1030708
1020257	1274842
1020257	1275538
1020279	1008619
1020374	1314690
1020659	1007192
1020733	1186248
1020918	1037138
1021108	1040092
1021108	1315200
1021244	1003951
1021244	1008299
1021244	1037053
1021244	1042740
1021244	1048388
1021244	1158006
1021263	1014229
1021281	1324960
1021293	1000823
1021293	1012646
1021293	1021293
1021293	1021293
1021293	1035641
1021293	1274287
1021293	1274407
1021293	1276108
1021293	1328161
1021994	1054437
1021997	1000676
1021997	1005010
1021997	1272303
1022004	1000248
1022004	1272303
1022095	1356833
1022410	1006332
1022410	1033828
1022410	1034028
1022410	1215722
1022410	1274377
1022410	1274454
1022544	1001643
1022562	1040570
1022601	1159923
1022614	1091128
1022620	1013911
1022626	1066615
1022635	1036471
1022664	1044899
1022664	1049467
1022676	1000225
1022676	1000548
1022676	1027171
1022676	1027174
1022676	1048399
1022676	1054515
1022676	1154263
1022676	1250693
1022676	1272303
1022689	1036525
1022704	1036452
1022718	1054437
1022733	1049467
1022759	1036554
1022769	1012654
1022769	1022769
1022769	1022769
1022769	1023112
1022769	1037268
1022769	1055204
1022769	1077385
1022772	1327522
1022778	1006919
1022778	1009323
1022778	1009363
1022778	1019001
1022778	1025470
1022778	1037068
1022778	1100321
1022778	1116458
1022827	1012519
1022827	1041004
1022827	1041006
1022827	1161039
1022928	1008064
1022980	1004891
1022980	1010008
1022980	1022980
1022980	1022980
1022980	1121920
1022980	1158482
1022982	1054447
1022991	1022991
1022991	1022991
1022991	1036404
1022991	1151535
1022992	1250693
1022999	1001484
1022999	1002071
1022999	1022999
1022999	1022999
1022999	1023950
1022999	1037854
1022999	1052810
1022999	1327283
1022999	1343666
1022999	1352366
1023040	1005268
1023064	1140849
1023112	1005189
1023112	1016780
1023112	1022769
1023112	1045632
1023112	1054522
1023128	1036422
1023133	1024141
1023133	1024696
1023133	1058969
1023159	1303007
1023163	1016786
1023392	1019481
1023392	1023392
1023392	1023392
1023392	1028881
1023392	1051029
1023392	1108058
1023405	1018783
1023405	1024551
1023405	1033202
1023405	1058969
1023474	1023474
1023474	1023474
1023474	1023621
1023474	1048608
1023474	1052431
1023474	1053579
1023587	1006392
1023587	1038001
1023587	1047488
1023587	1314712
1023621	1023474
1023714	1002705
1023714	1081065
1023714	1112395
1023714	1149373
1023714	1322152
1023769	1367639
1023814	1145053
1023872	1001569
1023872	1023872
1023872	1023872
1023872	1085361
1023872	1160043
1023922	1040986
1023922	1046091
1023936	1341567
1023948	1116446
1023950	1006262
1023950	1022999
1023950	1028889
1023950	1030629
1023950	1038106
1023950	1040104
1023950	1054279
1023967	1006860
1024103	1013026
1024141	1005438
1024141	1015870
1024141	1023133
1024141	1025717
1024141	1033828
1024141	1041970
1024141	1046352
1024141	1047488
1024141	1303018
1024184	1028837
1024195	1050793
1024195	1050981
1024195	1352366
1024439	1005438
1024439	1008108
1024439	1204017
1024492	1274780
1024551	1012463
1024551	1023405
1024551	1025561
1024551	1035806
1024551	1036630
1024551	1191334
1024551	1315545
1024616	1035354
1024696	1023133
1024696	1024696
1024696	1024696
1024696	1053714
1024696	1160198
1024696	1288566
1024775	1028837
1024824	1016212
1024824	1020068
1024824	1047488
1024824	1315335
1025109	1031222
1025133	1086542
1025133	1097487
1025139	1000170
1025139	1027176
1025141	1274290
1025144	1012506
1025145	1005233
1025145	1017947
1025145	1028025
1025145	1028855
1025145	1055546
1025145	1111352
1025145	1340431
1025155	1045113
1025155	1054384
1025155	1211879
1025155	1301051
1025155	1352500
1025156	1014531
1025183	1005010
1025184	1002667
1025194	1274348
1025194	1274388
1025211	1013817
1025211	1028855
1025213	1049545
1025213	1049670
1025219	1004661
1025219	1009317
1025219	1014131
1025219	1018395
1025219	1025219
1025219	1025219
1025219	1036412
1025219	1036481
1025219	1123226
1025229	1001041
1025229	1031860
1025229	1032364
1025229	1055546
1025229	1098954
1025229	1227154
1025229	1325896
1025229	1325972
1025232	1014531
1025242	1013817
1025245	1013817
1025256	1140227
1025260	1013859
1025264	1016786
1025333	1027216
1025384	1001013
1025400	1012543
1025426	1013705
1025426	1025426
1025426	1025426
1025426	1036520
1025426	1324144
1025470	1022778
1025506	1004674
1025531	1000823
1025531	1274350
1025534	1013938
1025534	1032887
1025534	1037340
1025534	1045113
1025561	1024551
1025561	1037679
1025561	1038066
1025561	1053845
1025579	1031254
1025580	1014229
1025592	1009354
1025610	1011925
1025610	1028795
1025619	1000471
1025664	1275331
1025664	1327283
1025664	1352366
1025717	1024141
1025850	1013105
1026487	1014057
1027092	1003951
1027092	1051741
1027092	1167887
1027121	1274869
1027136	1008064
1027136	1019019
1027144	1036554
1027151	1007018
1027159	1007207
1027159	1027159
1027159	1027159
1027159	1159923
1027171	1022676
1027174	1013910
1027174	1022676
1027174	1044887
1027176	1000170
1027176	1025139
1027176	1032258
1027176	1044900
1027176	1077047
1027176	1081065
1027216	1025333
1027216	1031921
1027216	1055965
1027216	1185305
1027216	1253074
1027217	1009511
1027228	1036391
1027242	1017960
1027242	1027242
1027242	1027242
1027242	1035672
1027242	1061460
1027243	1018199
1027257	1012520
1027257	1013776
1027416	1080080
1027493	1045298
1027565	1000332
1027577	1275100
1027577	1304661
1027579	1048266
1027635	1005299
1027635	1005530
1027635	1016780
1027774	1027887
1027798	1313092
1027822	1000075
1027834	1049545
1027843	1040517
1027843	1047974
1027843	1132181
1027843	1276525
1027844	1007074
1027844	1014071
1027844	1032104
1027844	1049512
1027844	1054419
1027844	1238590
1027864	1049467
1027883	1041014
1027883	1041024
1027887	1013938
1027887	1014019
1027887	1019052
1027887	1027774
1027887	1027887
1027887	1027887
1027887	1028628
1027887	1040530
1027895	1137067
1027933	1036525
1027945	1122545
1028021	1010653
1028025	1007019
1028025	1025145
1028025	1077047
1028044	1007016
1028044	1047974
1028076	1151079
1028281	1028281
1028281	1028281
1028281	1054515
1028281	1099370
1028281	1118197
1028283	1018569
1028283	1313252
1028283	1345741
1028283	1355986
1028286	1018334
1028297	1028889
1028297	1038692
1028297	1098533
1028297	1176177
1028297	1337259
1028328	1004984
1028328	1008280
1028328	1028328
1028328	1028328
1028328	1041272
1028328	1051250
1028328	1054511
1028328	1090585
1028360	1028360
1028360	1028360
1028360	1054239
1028360	1299583
1028360	1316512
1028374	1048188
1028374	1232518
1028508	1313655
1028594	1028594
1028594	1028594
1028628	1027887
1028628	1045330
1028743	1048308
1028743	1122545
1028755	1066222
1028795	1019264
1028795	1025610
1028795	1038561
1028795	1042642
1028800	1399768
1028801	1314975
1028801	1362736
1028828	1275100
1028837	1024184
1028837	1024775
1028837	1028837
1028837	1028837
1028837	1043276
1028837	1046761
1028837	1051895
1028837	1314136
1028855	1012520
1028855	1025145
1028855	1025211
1028855	1036384
1028881	1023392
1028889	1001535
1028889	1001951
1028889	1006860
1028889	1023950
1028889	1028297
1028889	1080463
1028889	1274989
1028889	1312907
1029037	1037870
1029309	1029309
1029309	1029309
1029309	1048500
1029309	1109413
1029309	1222638
1029309	1239019
1029321	1033257
1029321	1088303
1029321	1274453
1029321	1310750
1029338	1274299
1029395	1015115
1029395	1275536
1029487	1158177
1029504	1013105
1029800	1036944
1029875	1009851
1029930	1006332
1029979	1008747
1030049	1327283
1030117	1005438
1030117	1006385
1030117	1098533
1030117	1324960
1030200	1001535
1030507	1031481
1030629	1023950
1030708	1020257
1030708	1274287
1030951	1349806
1031075	1031075
1031075	1031075
1031075	1052711
1031075	1160043
1031173	1003737
1031173	1359945
1031173	1380269
1031193	1048144
1031219	1069845
1031222	1010593
1031222	1025109
1031222	1269412
1031254	1008747
1031254	1011925
1031254	1025579
1031254	1031254
1031254	1031254
1031254	1274350
1031254	1317074
1031254	1324960
1031481	1030507
1031500	1001714
1031500	1274664
1031500	1318883
1031755	1005010
1031789	1049637
1031795	1054438
1031811	1049716
1031821	1372006
1031822	1002902
1031822	1122324
1031822	1147054
1031822	1272303
1031824	1049815
1031825	1091128
1031838	1019063
1031849	1012506
1031849	1048022
1031849	1048210
1031849	1193055
1031860	1005773
1031860	1006955
1031860	1007018
1031860	1025229
1031860	1041027
1031860	1250388
1031860	1367639
1031872	1031902
1031872	1032108
1031892	1049670
1031899	1013817
1031902	1017918
1031902	1031872
1031902	1031902
1031902	1031902
1031902	1048137
1031902	1054437
1031902	1055546
1031903	1036452
1031915	1005010
1031921	1027216
1031934	1000332
1032034	1019938
1032034	1032034
1032034	1032034
1032075	1019082
1032079	1274869
1032104	1027844
1032108	1031872
1032108	1032219
1032108	1068347
1032108	1164604
1032108	1363067
1032143	1012543
1032143	1066625
1032219	1032108
1032258	1027176
1032258	1044874
1032298	1032298
1032298	1032298
1032298	1323799
1032298	1352500
1032335	1007192
1032335	1322107
1032344	1000332
1032358	1012515
1032364	1025229
1032365	1040892
1032382	1122545
1032396	1036471
1032405	1012520
1032405	1013854
1032405	1040542
1032405	1092322
1032405	1205428
1032421	1004899
1032476	1005269
1032476	1032476
1032476	1032476
1032476	1036749
1032476	1045155
1032476	1091607
1032507	1048266
1032540	1274388
1032588	1019071
1032624	1013845
1032633	1033056
1032633	1274388
1032633	1325700
1032887	1004899
1032887	1025534
1032887	1032887
1032887	1032887
1032915	1003483
1032915	1008191
1032915	1013084
1032915	1016968
1032915	1032915
1032915	1032915
1032915	1035579
1032915	1037892
1032915	1165478
1032915	1317644
1032989	1042740
1033056	1000264
1033056	1007152
1033056	1019278
1033056	1032633
1033056	1033090
1033090	1033056
1033105	1151085
1033105	1274350
1033202	1023405
1033202	1316641
1033218	1209168
1033257	1009851
1033257	1029321
1033257	1037854
1033257	1345803
1033326	1033585
1033326	1037432
1033326	1053845
1033326	1159106
1033326	1313341
1033422	1015520
1033566	1014229
1033585	1033326
1033690	1001643
1033690	1260550
1033794	1037758
1033794	1399748
1033806	1052810
1033828	1022410
1033828	1024141
1033828	1109413
1033828	1275943
1034028	1022410
1034028	1046521
1034028	1212736
1034028	1312902
1034148	1003627
1034148	1003727
1034148	1007189
1034148	1008390
1034148	1008548
1034148	1034148
1034148	1034148
1034148	1041014
1034148	1042642
1034148	1252969
1034148	1321863
1034148	1354143
1034375	1252969
1034430	1080463
1034596	1018591
1034596	1018990
1034596	1037870
1034596	1038001
1034596	1313716
1034792	1098533
1034896	1034896
1034896	1034896
1034896	1280571
1034896	1320411
1034896	1355986
1035027	1315187
1035221	1035221
1035221	1035221
1035221	1035641
1035221	1313471
1035221	1314858
1035221	1330223
1035221	1342734
1035354	1024616
1035354	1040056
1035354	1274649
1035354	1313875
1035354	1314660
1035354	1321049
1035354	1325633
1035354	1389176
1035354	1389421
1035579	1032915
1035579	1325580
1035615	1050981
1035615	1274299
1035615	1314136
1035641	1021293
1035641	1035221
1035641	1035641
1035641	1035641
1035641	1038974
1035641	1045565
1035646	1002848
1035653	1071279
1035655	1037854
1035671	1315816
1035672	1027242
1035710	1077298
1035758	1049447
1035758	1077298
1035806	1024551
1035806	1048388
1035806	1129062
1036172	1036172
1036172	1036172
1036172	1052617
1036234	1036234
1036234	1036234
1036317	1054399
1036323	1241367
1036384	1017947
1036384	1028855
1036391	1027228
1036391	1036391
1036391	1036391
1036391	1036879
1036391	1041016
1036397	1000474
1036402	1050639
1036403	1274869
1036404	1022991
1036412	1012506
1036412	1025219
1036418	1036471
1036422	1010559
1036422	1016818
1036422	1023128
1036422	1036422
1036422	1036422
1036422	1048222
1036422	1101880
1036440	1048137
1036452	1009567
1036452	1022704
1036452	1031903
1036452	1048328
1036452	1063993
1036452	1069816
1036456	1019041
1036456	1049764
1036471	1013799
1036471	1022635
1036471	1032396
1036471	1036418
1036471	1036471
1036471	1036471
1036479	1088351
1036481	1025219
1036503	1000092
1036514	1048210
1036514	1340431
1036520	1025426
1036520	1301051
1036525	1000078
1036525	1022689
1036525	1027933
1036525	1036553
1036525	1160970
1036535	1159923
1036553	1036525
1036554	1018817
1036554	1022759
1036554	1027144
1036554	1048290
1036554	1049775
1036554	1133171
1036554	1150280
1036566	1078764
1036570	1012515
1036577	1037053
1036608	1007019
1036608	1018051
1036608	1036608
1036608	1036608
1036608	1041118
1036610	1151079
1036630	1024551
1036641	1041528
1036687	1007019
1036687	1019149
1036687	1036687
1036687	1036687
1036687	1044970
1036687	1065267
1036695	1275739
1036712	1012663
1036749	1032476
1036758	1013817
1036808	1132194
1036833	1018056
1036833	1036833
1036833	1036833
1036839	1319314
1036852	1037344
1036879	1002700
1036879	1002902
1036879	1017947
1036879	1036391
1036879	1049523
1036879	1148744
1036879	1359258
1036905	1274763
1036908	1116725
1036934	1066615
1036944	1029800
1036944	1036944
1036944	1036944
1036944	1054423
1036944	1205332
1036950	1016942
1036978	1041024
1037023	1321713
1037053	1021244
1037053	1036577
1037053	1037053
1037053	1037053
1037053	1038001
1037053	1045940
1037053	1052932
1037068	1022778
1037110	1056126
1037110	1078528
1037110	1091375
1037118	1005883
1037118	1038066
1037118	1318963
1037138	1006860
1037138	1020918
1037221	1043004
1037221	1260550
1037268	1022769
1037337	1014229
1037340	1025534
1037340	1048137
1037344	1036852
1037356	1037356
1037356	1037356
1037356	1323065
1037367	1012553
1037367	1055175
1037367	1286302
1037371	1002955
1037432	1033326
1037445	1019278
1037479	1000653
1037479	1001041
1037479	1013934
1037500	1049467
1037529	1017067
1037636	1313655
1037678	1274350
1037679	1008299
1037679	1015108
1037679	1025561
1037742	1014716
1037742	1037742
1037742	1037742
1037742	1275100
1037747	1037747
1037747	1037747
1037747	1313809
1037747	1316394
1037747	1348506
1037758	1006871
1037758	1018783
1037758	1033794
1037758	1037758
1037758	1037758
1037758	1042111
1037758	1043004
1037758	1233486
1037758	1314625
1037758	1407633
1037854	1022999
1037854	1033257
1037854	1035655
1037854	1053845
1037854	1216319
1037854	1319649
1037870	1001042
1037870	1008299
1037870	1008394
1037870	1029037
1037870	1034596
1037870	1037870
1037870	1037870
1037870	1037881
1037870	1319356
1037870	1375106
1037881	1037870
1037881	1037881
1037881	1037881
1037881	1111147
1037892	1032915
1037962	1011925
1038001	1001951
1038001	1010731
1038001	1023587
1038001	1034596
1038001	1037053
1038001	1140849
1038001	1141865
1038001	1191334
1038066	1009219
1038066	1025561
1038066	1037118
1038066	1184188
1038066	1206865
1038066	1274902
1038066	1380269
1038095	1158177
1038106	1023950
1038193	1323377
1038193	1356833
1038345	1098360
1038345	1148044
1038561	1028795
1038561	1038561
1038561	1038561
1038561	1046231
1038561	1048019
1038692	1028297
1038695	1314964
1038715	1050540
1038772	1044899
1038974	1035641
1038974	1274249
1038974	1303774
1038974	1313754
1039098	1016878
1039098	1041896
1039098	1041963
1039156	1039156
1039156	1039156
1039156	1057634
1039156	1083492
1039156	1090895
1039156	1206865
1039156	1321432
1040056	1035354
1040056	1378897
1040092	1021108
1040092	1252926
1040104	1023950
1040247	1274989
1040516	1004591
1040516	1013838
1040516	1013912
1040516	1048265
1040516	1049512
1040516	1180422
1040517	1027843
1040517	1132194
1040525	1018981
1040525	1040525
1040525	1040525
1040525	1059406
1040525	1063993
1040529	1012517
1040529	1183636
1040529	1352500
1040530	1027887
1040531	1014071
1040531	1040531
1040531	1040531
1040531	1049764
1040533	1017913
1040542	1032405
1040570	1013799
1040570	1022562
1040570	1044985
1040624	1013859
1040630	1159716
1040682	1002700
1040684	1122324
1040688	1013841
1040688	1272303
1040705	1000373
1040757	1000248
1040777	1002848
1040857	1018984
1040892	1032365
1040892	1040892
1040892	1040892
1040892	1109419
1040892	1328161
1040986	1023922
1040986	1080463
1040990	1275747
1040998	1004674
1041002	1281914
1041004	1022827
1041004	1359258
1041006	1022827
1041009	1048145
1041013	1005054
1041014	1027883
1041014	1034148
1041014	1054398
1041014	1274670
1041014	1275044
1041014	1314037
1041014	1348091
1041016	1036391
1041020	1050308
1041024	1018373
1041024	1027883
1041024	1036978
1041024	1041024
1041024	1041024
1041024	1077991
1041027	1009256
1041027	1031860
1041029	1000373
1041082	1312838
1041118	1036608
1041126	1054447
1041131	1048144
1041131	1049716
1041165	1013912
1041170	1049541
1041174	1061300
1041224	1045119
1041254	1276532
1041272	1028328
1041291	1016786
1041404	1313045
1041404	1346550
1041416	1008747
1041436	1045298
1041486	1161039
1041528	1036641
1041528	1041528
1041528	1041528
1041528	1127043
1041528	1314333
1041528	1325012
1041649	1004899
1041841	1017067
1041841	1045243
1041896	1039098
1041908	1233486
1041963	1039098
1041970	1024141
1041970	1042157
1042111	1037758
1042111	1043276
1042111	1274989
1042111	1318963
1042157	1019948
1042157	1041970
1042157	1380269
1042235	1016866
1042341	1274477
1042350	1000362
1042350	1015315
1042350	1043276
1042350	1046660
1042390	1312770
1042417	1312758
1042437	1019240
1042482	1019268
1042487	1014229
1042487	1050981
1042523	1001951
1042523	1013105
1042544	1013026
1042637	1053075
1042637	1313252
1042637	1360156
1042637	1374164
1042642	1028795
1042642	1034148
1042642	1042642
1042642	1042642
1042642	1052932
1042642	1345791
1042693	1001042
1042693	1006339
1042693	1042693
1042693	1042693
1042693	1051943
1042693	1273953
1042693	1275349
1042693	1275356
1042693	1310031
1042693	1331154
1042693	1338013
1042710	1314136
1042740	1021244
1042740	1032989
1042740	1042740
1042740	1042740
1042740	1058969
1042761	1313655
1042884	1005883
1043004	1002135
1043004	1014223
1043004	1037221
1043004	1037758
1043004	1111147
1043004	1129062
1043004	1151197
1043136	1274855
1043136	1275235
1043276	1008619
1043276	1028837
1043276	1042111
1043276	1042350
1043276	1043276
1043276	1043276
1043330	1314473
1043330	1314738
1043330	1315095
1043336	1107571
1043336	1215722
1043336	1274418
1043336	1331243
1043561	1019896
1043561	1043561
1043561	1043561
1043561	1276054
1043561	1305386
1044708	1013859
1044710	1000548
1044711	1007018
1044721	1007207
1044721	1018559
1044731	1008064
1044733	1352500
1044746	1012937
1044746	1289293
1044868	1048022
1044874	1032258
1044882	1327522
1044882	1345504
1044887	1027174
1044888	1008064
1044899	1022664
1044899	1038772
1044899	1044899
1044899	1044899
1044899	1275994
1044900	1004691
1044900	1016786
1044900	1027176
1044900	1049545
1044900	1049815
1044915	1000336
1044915	1010653
1044915	1193055
1044919	1013817
1044932	1071279
1044941	1049670
1044941	1182765
1044964	1002675
1044964	1007018
1044964	1045243
1044970	1036687
1044985	1040570
1045028	1014057
1045051	1012543
1045054	1144252
1045070	1018093
1045113	1006955
1045113	1025155
1045113	1025534
1045113	1050468
1045113	1302392
1045114	1159923
1045119	1000253
1045119	1041224
1045119	1045119
1045119	1045119
1045119	1050907
1045119	1315511
1045155	1032476
1045187	1018056
1045216	1010653
1045243	1006691
1045243	1041841
1045243	1044964
1045243	1045243
1045243	1045243
1045243	1049732
1045243	1188777
1045243	1275658
1045243	1348091
1045271	1012611
1045298	1010507
1045298	1027493
1045298	1041436
1045298	1048175
1045298	1054426
1045298	1081065
1045298	1249843
1045330	1028628
1045330	1045330
1045330	1045330
1045330	1118938
1045364	1274245
1045565	1035641
1045565	1045565
1045565	1045565
1045632	1023112
1045676	1147054
1045787	1312770
1045797	1006677
1045797	1206865
1045843	1005071
1045843	1047989
1045894	1019264
1045927	1080463
1045940	1037053
1046091	1023922
1046231	1038561
1046346	1274299
1046352	1024141
1046482	1005286
1046482	1019909
1046482	1020232
1046482	1046482
1046482	1046482
1046482	1052711
1046482	1191334
1046521	1034028
1046660	1042350
1046761	1028837
1046960	1015199
1046960	1046960
1046960	1046960
1046960	1275739
1046960	1314321
1046960	1320244
1046960	1338466
1047358	1315866
1047488	1005797
1047488	1012784
1047488	1023587
1047488	1024141
1047488	1024824
1047488	1134773
1047488	1191334
1047488	1312770
1047488	1338013
1047974	1010510
1047974	1019071
1047974	1027843
1047974	1028044
1047974	1047974
1047974	1047974
1047979	1012515
1047988	1048210
1047989	1045843
1047989	1274322
1048000	1274272
1048000	1348091
1048002	1000506
1048019	1038561
1048022	1003484
1048022	1013835
1048022	1031849
1048022	1044868
1048023	1073828
1048137	1031902
1048137	1036440
1048137	1037340
1048137	1113455
1048144	1012516
1048144	1019028
1048144	1031193
1048144	1041131
1048144	1132957
1048144	1156763
1048145	1014037
1048145	1041009
1048173	1009511
1048175	1045298
1048188	1028374
1048193	1148744
1048209	1009511
1048210	1017913
1048210	1031849
1048210	1036514
1048210	1047988
1048210	1048210
1048210	1048210
1048210	1049502
1048222	1036422
1048222	1049815
1048222	1164372
1048265	1040516
1048266	1027579
1048266	1032507
1048266	1191802
1048281	1066222
1048290	1036554
1048308	1028743
1048315	1048315
1048315	1048315
1048328	1036452
1048388	1021244
1048388	1035806
1048399	1022676
1048469	1106979
1048469	1313351
1048476	1048476
1048476	1048476
1048476	1088045
1048500	1029309
1048566	1013105
1048608	1023474
1048653	1204017
1048674	1325580
1048706	1000781
1049447	1035758
1049467	1022664
1049467	1022733
1049467	1027864
1049467	1037500
1049467	1049467
1049467	1049467
1049467	1085573
1049467	1274374
1049467	1274664
1049502	1048210
1049512	1004775
1049512	1027844
1049512	1040516
1049523	1036879
1049525	1051741
1049525	1100149
1049525	1164372
1049541	1013756
1049541	1041170
1049541	1049541
1049541	1049541
1049545	1000108
1049545	1025213
1049545	1027834
1049545	1044900
1049545	1049545
1049545	1049545
1049545	1125111
1049563	1154263
1049603	1116725
1049637	1031789
1049637	1051741
1049637	1315557
1049658	1073828
1049670	1009214
1049670	1025213
1049670	1031892
1049670	1044941
1049670	1049670
1049670	1049670
1049670	1049990
1049670	1053560
1049670	1054408
1049670	1077047
1049670	1122866
1049699	1122324
1049713	1012506
1049716	1003493
1049716	1031811
1049716	1041131
1049729	1013911
1049732	1045243
1049732	1049732
1049732	1049732
1049732	1108968
1049732	1211987
1049732	1274235
1049732	1315866
1049732	1363834
1049732	1379653
1049764	1036456
1049764	1040531
1049765	1013892
1049775	1036554
1049805	1016668
1049815	1004691
1049815	1007015
1049815	1013935
1049815	1031824
1049815	1044900
1049815	1048222
1049815	1108969
1049815	1232918
1049815	1332704
1049820	1002751
1049855	1000092
1049990	1000332
1049990	1049670
1050032	1007192
1050032	1013845
1050074	1012663
1050141	1012507
1050141	1053567
1050170	1000538
1050170	1054441
1050179	1316641
1050308	1041020
1050308	1055031
1050308	1101880
1050308	1140218
1050308	1144169
1050308	1184837
1050406	1013841
1050430	1053400
1050430	1274763
1050430	1274943
1050468	1018406
1050468	1045113
1050468	1129412
1050468	1274263
1050540	1005319
1050540	1038715
1050540	1051526
1050540	1054424
1050540	1204410
1050540	1274251
1050540	1274319
1050540	1274650
1050540	1275718
1050540	1313469
1050540	1339978
1050540	1349187
1050590	1314643
1050639	1036402
1050639	1139679
1050765	1006332
1050774	1001643
1050793	1014229
1050793	1019264
1050793	1024195
1050793	1050793
1050793	1050793
1050793	1314136
1050853	1000170
1050874	1158177
1050906	1314964
1050907	1045119
1050981	1014902
1050981	1019909
1050981	1024195
1050981	1035615
1050981	1042487
1050981	1050981
1050981	1050981
1050981	1059748
1050981	1158177
1050995	1015047
1051029	1023392
1051068	1016893
1051068	1051068
1051068	1051068
1051068	1118217
1051068	1133225
1051244	1054441
1051244	1087341
1051250	1028328
1051526	1050540
1051526	1198234
1051526	1274978
1051526	1313383
1051741	1007019
1051741	1027092
1051741	1049525
1051741	1049637
1051828	1158177
1051850	1327283
1051895	1028837
1051943	1042693
1052125	1145053
1052134	1204017
1052229	1316990
1052431	1023474
1052617	1007442
1052617	1036172
1052617	1052617
1052617	1052617
1052711	1031075
1052711	1046482
1052810	1022999
1052810	1033806
1052810	1052810
1052810	1052810
1052810	1185577
1052810	1216319
1052810	1239272
1052810	1274322
1052810	1408429
1052900	1274299
1052932	1037053
1052932	1042642
1053075	1042637
1053075	1305134
1053400	1050430
1053510	1062095
1053560	1049670
1053567	1050141
1053575	1013938
1053575	1053575
1053575	1053575
1053576	1222557
1053579	1023474
1053611	1281579
1053618	1274608
1053618	1367688
1053652	1014057
1053714	1024696
1053809	1242078
1053845	1005883
1053845	1013026
1053845	1025561
1053845	1033326
1053845	1037854
1053845	1053845
1053845	1053845
1053845	1340040
1054239	1028360
1054239	1088045
1054279	1023950
1054340	1325426
1054354	1110065
1054384	1025155
1054384	1054441
1054384	1177251
1054393	1018334
1054396	1066625
1054398	1041014
1054399	1009269
1054399	1036317
1054399	1054453
1054399	1071315
1054399	1189404
1054399	1340972
1054407	1080463
1054408	1049670
1054419	1027844
1054420	1004899
1054423	1036944
1054424	1013705
1054424	1016668
1054424	1050540
1054424	1069252
1054424	1106979
1054424	1373345
1054425	1014057
1054426	1045298
1054430	1010571
1054430	1359258
1054431	1019063
1054434	1100149
1054434	1111800
1054437	1000304
1054437	1018026
1054437	1021994
1054437	1022718
1054437	1031902
1054437	1224068
1054438	1031795
1054438	1054438
1054438	1054438
1054438	1063993
1054441	1005163
1054441	1050170
1054441	1051244
1054441	1054384
1054441	1054441
1054441	1054441
1054441	1272303
1054447	1000022
1054447	1003488
1054447	1009615
1054447	1016775
1054447	1022982
1054447	1041126
1054447	1315557
1054453	1054399
1054455	1019063
1054464	1078764
1054511	1002874
1054511	1007064
1054511	1018149
1054511	1028328
1054511	1122545
1054515	1022676
1054515	1028281
1054518	1007192
1054522	1023112
1054532	1009405
1054534	1014071
1054534	1019019
1054562	1274255
1054562	1301489
1054562	1323377
1054732	1250693
1054816	1066625
1054866	1148744
1055031	1050308
1055175	1037367
1055204	1022769
1055364	1156445
1055546	1025145
1055546	1025229
1055546	1031902
1055787	1000264
1055897	1122324
1055928	1004576
1055928	1081065
1055965	1027216
1056045	1314114
1056126	1037110
1056335	1096137
1057189	1014057
1057463	1330184
1057634	1002700
1057634	1039156
1058705	1058705
1058705	1058705
1058969	1023133
1058969	1023405
1058969	1042740
1058969	1331154
1059406	1040525
1059748	1050981
1059748	1059748
1059748	1059748
1059748	1160198
1059748	1314168
1059748	1318963
1059768	1016786
1059904	1013992
1060370	1005054
1061147	1014057
1061175	1322107
1061300	1041174
1061460	1027242
1061605	1010653
1062095	1053510
1062095	1063993
1062095	1069602
1062149	1138841
1062566	1131038
1062566	1184188
1062919	1274869
1063993	1017947
1063993	1018131
1063993	1036452
1063993	1040525
1063993	1054438
1063993	1062095
1063993	1063993
1063993	1063993
1063993	1131524
1063999	1013817
1064239	1078764
1065267	1036687
1065267	1206865
1065424	1065424
1065424	1065424
1065424	1312907
1065424	1317074
1065775	1331220
1066222	1000491
1066222	1000643
1066222	1007064
1066222	1028755
1066222	1048281
1066222	1066222
1066222	1066222
1066222	1091607
1066222	1220507
1066615	1010655
1066615	1022626
1066615	1036934
1066615	1162437
1066625	1032143
1066625	1054396
1066625	1054816
1066625	1276164
1067891	1153401
1068145	1069845
1068347	1032108
1068347	1165662
1068577	1000471
1068859	1000075
1069252	1054424
1069602	1062095
1069602	1091128
1069816	1036452
1069816	1159923
1069845	1015115
1069845	1031219
1069845	1068145
1069845	1069845
1069845	1069845
1069845	1150732
1069845	1316446
1070141	1007064
1070203	1070203
1070203	1070203
1071259	1000336
1071259	1000474
1071279	1035653
1071279	1044932
1071315	1017947
1071315	1054399
1072670	1016942
1073828	1010688
1073828	1048023
1073828	1049658
1073828	1116746
1073828	1166193
1073828	1274389
1075239	1144252
1075277	1010757
1076649	1014531
1077047	1000332
1077047	1027176
1077047	1028025
1077047	1049670
1077298	1013705
1077298	1035710
1077298	1035758
1077385	1022769
1077991	1041024
1078528	1037110
1078764	1036566
1078764	1054464
1078764	1064239
1078764	1153858
1078764	1330236
1080080	1004601
1080080	1027416
1080080	1084382
1080080	1097487
1080080	1153233
1080080	1174478
1080463	1008302
1080463	1010920
1080463	1012727
1080463	1028889
1080463	1034430
1080463	1040986
1080463	1045927
1080463	1054407
1080463	1080463
1080463	1080463
1080463	1148044
1080463	1274336
1080463	1379580
1081065	1006919
1081065	1014057
1081065	1023714
1081065	1027176
1081065	1045298
1081065	1055928
1081065	1174732
1081815	1339273
1082144	1003084
1082144	1109413
1083024	1122324
1083492	1039156
1084382	1080080
1085361	1023872
1085573	1049467
1085884	1018093
1086138	1014531
1086542	1025133
1086951	1012543
1087341	1051244
1088045	1048476
1088045	1054239
1088303	1029321
1088351	1036479
1089839	1012506
1090585	1028328
1090895	1039156
1091128	1022614
1091128	1031825
1091128	1069602
1091128	1141539
1091128	1153858
1091128	1197674
1091375	1037110
1091607	1007192
1091607	1019938
1091607	1032476
1091607	1066222
1091607	1224434
1092142	1148744
1092322	1032405
1093565	1093565
1093565	1093565
1093565	1317526
1095627	1018334
1095627	1106469
1095627	1151535
1096137	1056335
1096137	1096137
1096137	1096137
1096137	1164604
1097322	1014531
1097487	1025133
1097487	1080080
1097487	1132194
1097487	1193055
1097669	1097669
1097669	1097669
1098163	1007103
1098163	1098163
1098163	1098163
1098360	1038345
1098533	1028297
1098533	1030117
1098533	1034792
1098533	1134773
1098954	1025229
1099370	1028281
1100149	1000432
1100149	1049525
1100149	1054434
1100321	1022778
1100870	1010622
1101562	1019001
1101562	1101562
1101562	1101562
1101562	1141718
1101880	1036422
1101880	1050308
1101880	1111671
1101880	1137067
1101880	1151535
1102389	1110065
1103191	1012506
1103688	1276164
1105141	1018559
1105833	1209168
1106325	1010653
1106469	1095627
1106554	1000075
1106912	1215730
1106979	1048469
1106979	1054424
1107571	1043336
1107699	1321713
1107980	1012506
1108058	1023392
1108968	1049732
1108969	1049815
1109413	1005438
1109413	1029309
1109413	1033828
1109413	1082144
1109419	1040892
1110065	1002508
1110065	1019909
1110065	1054354
1110065	1102389
1110065	1139744
1110065	1139834
1110065	1242230
1110413	1111800
1110809	1000264
1111147	1037881
1111147	1043004
1111147	1312758
1111352	1017913
1111352	1025145
1111671	1101880
1111671	1158240
1111800	1004576
1111800	1016680
1111800	1054434
1111800	1110413
1111919	1007018
1112395	1023714
1113455	1048137
1116446	1023948
1116446	1316390
1116458	1022778
1116502	1007064
1116725	1004789
1116725	1006995
1116725	1036908
1116725	1049603
1116746	1073828
1118197	1028281
1118217	1051068
1118938	1045330
1121101	1274550
1121101	1276115
1121101	1313514
1121531	1015520
1121562	1156674
1121920	1022980
1122324	1000111
1122324	1031822
1122324	1040684
1122324	1049699
1122324	1055897
1122324	1083024
1122324	1122324
1122324	1122324
1122545	1027945
1122545	1028743
1122545	1032382
1122545	1054511
1122604	1004590
1122837	1312836
1122866	1049670
1123226	1025219
1125111	1049545
1125975	1137067
1127043	1041528
1127043	1134537
1127233	1182765
1127690	1301377
1127809	1019264
1128854	1004674
1129062	1035806
1129062	1043004
1129412	1050468
1129616	1131524
1131038	1062566
1131051	1158177
1131275	1158177
1131524	1018466
1131524	1063993
1131524	1129616
1131524	1131524
1131524	1131524
1131524	1206865
1132181	1027843
1132194	1019102
1132194	1019189
1132194	1036808
1132194	1040517
1132194	1097487
1132957	1048144
1133171	1036554
1133171	1133171
1133171	1133171
1133171	1193055
1133171	1281914
1133225	1051068
1134537	1127043
1134773	1047488
1134773	1098533
1136138	1222557
1137067	1027895
1137067	1101880
1137067	1125975
1138320	1001714
1138320	1320411
1138841	1012520
1138841	1012566
1138841	1062149
1138841	1138841
1138841	1138841
1139679	1050639
1139744	1110065
1139834	1110065
1140218	1050308
1140227	1025256
1140812	1358383
1140849	1012314
1140849	1023064
1140849	1038001
1140849	1274616
1141539	1091128
1141718	1101562
1141865	1038001
1141865	1318719
1141865	1376528
1142087	1019071
1142576	1315737
1143974	1153858
1144124	1019071
1144169	1050308
1144252	1014255
1144252	1045054
1144252	1075239
1144252	1144252
1144252	1144252
1144252	1169839
1144252	1194285
1144630	1000548
1145053	1023814
1145053	1052125
1145053	1145053
1145053	1145053
1145053	1327549
1145096	1000332
1145584	1000264
1145651	1008148
1146083	1303007
1146783	1275943
1147054	1031822
1147054	1045676
1147054	1147054
1147054	1147054
1147054	1169493
1147054	1217538
1148044	1038345
1148044	1080463
1148744	1013795
1148744	1016666
1148744	1036879
1148744	1048193
1148744	1054866
1148744	1092142
1149173	1276532
1149373	1023714
1149774	1019082
1150280	1036554
1150474	1275199
1150732	1069845
1151079	1001535
1151079	1028076
1151079	1036610
1151079	1331154
1151085	1010731
1151085	1015088
1151085	1015751
1151085	1019318
1151085	1033105
1151085	1151085
1151085	1151085
1151085	1274406
1151085	1323000
1151085	1337259
1151197	1043004
1151535	1018404
1151535	1018647
1151535	1022991
1151535	1095627
1151535	1101880
1151757	1005797
1152771	1274888
1152771	1320411
1153233	1080080
1153401	1067891
1153858	1078764
1153858	1091128
1153858	1143974
1154263	1017975
1154263	1022676
1154263	1049563
1154263	1193886
1154886	1224434
1155350	1010571
1156445	1055364
1156674	1018817
1156674	1019001
1156674	1121562
1156674	1156674
1156674	1156674
1156719	1156719
1156719	1156719
1156719	1207374
1156763	1048144
1157277	1004899
1158006	1021244
1158177	1007835
1158177	1008108
1158177	1020058
1158177	1029487
1158177	1038095
1158177	1050874
1158177	1050981
1158177	1051828
1158177	1131051
1158177	1131275
1158177	1158177
1158177	1158177
1158240	1111671
1158386	1315545
1158482	1022980
1159106	1033326
1159716	1010543
1159716	1040630
1159716	1315557
1159923	1022601
1159923	1027159
1159923	1036535
1159923	1045114
1159923	1069816
1160043	1023872
1160043	1031075
1160043	1160043
1160043	1160043
1160043	1275331
1160043	1325580
1160198	1024696
1160198	1059748
1160970	1036525
1161039	1006955
1161039	1022827
1161039	1041486
1161039	1161039
1161039	1161039
1161039	1279984
1162139	1275538
1162437	1066615
1162629	1308546
1163751	1019162
1164372	1048222
1164372	1049525
1164604	1032108
1164604	1096137
1165478	1032915
1165662	1000676
1165662	1006977
1165662	1019049
1165662	1068347
1165662	1165662
1165662	1165662
1165662	1297348
1166193	1073828
1166228	1316540
1167644	1002700
1167887	1027092
1169493	1147054
1169839	1144252
1171485	1002776
1174478	1080080
1174732	1081065
1174732	1324966
1176177	1028297
1177251	1054384
1178655	1012784
1179886	1012784
1180422	1040516
1180637	1004590
1182681	1275199
1182765	1044941
1182765	1127233
1183636	1040529
1184188	1005773
1184188	1038066
1184188	1062566
1184837	1050308
1185305	1027216
1185577	1052810
1185863	1002700
1186248	1020733
1186248	1324668
1186310	1015870
1186310	1017067
1186310	1275308
1186310	1315155
1186310	1332156
1188777	1045243
1189404	1054399
1190071	1013817
1191334	1024551
1191334	1038001
1191334	1046482
1191334	1047488
1191334	1318963
1191802	1048266
1193055	1009405
1193055	1031849
1193055	1044915
1193055	1097487
1193055	1133171
1193886	1154263
1194246	1001643
1194285	1144252
1195737	1242078
1196942	1013859
1197674	1091128
1198234	1005883
1198234	1051526
1198234	1275683
1198234	1314146
1198234	1318372
1198234	1354968
1199222	1359258
1202424	1000676
1202424	1019133
1204017	1001599
1204017	1024439
1204017	1048653
1204017	1052134
1204017	1275199
1204017	1328599
1204410	1050540
1205332	1036944
1205428	1032405
1206865	1019745
1206865	1038066
1206865	1039156
1206865	1045797
1206865	1065267
1206865	1131524
1206865	1206865
1206865	1206865
1206865	1222638
1206865	1242078
1206865	1399768
1207374	1156719
1209168	1004620
1209168	1018060
1209168	1033218
1209168	1105833
1209168	1209168
1209168	1209168
1209168	1228975
1209168	1346503
1209168	1353578
1210861	1345504
1211657	1000548
1211661	1316641
1211879	1019268
1211879	1025155
1211879	1211879
1211879	1211879
1211987	1049732
1212047	1000092
1212736	1034028
1212947	1004590
1215093	1275781
1215394	1318341
1215722	1006385
1215722	1022410
1215722	1043336
1215722	1215722
1215722	1215722
1215722	1319253
1215730	1106912
1216319	1009851
1216319	1037854
1216319	1052810
1216319	1216319
1216319	1216319
1216319	1343666
1217538	1147054
1220507	1066222
1222557	1004703
1222557	1012520
1222557	1053576
1222557	1136138
1222557	1309200
1222557	1341378
1222588	1222588
1222588	1222588
1222638	1029309
1222638	1206865
1222638	1321141
1224068	1054437
1224434	1001132
1224434	1002789
1224434	1018098
1224434	1091607
1224434	1154886
1227154	1025229
1227601	1274964
1228975	1209168
1232518	1028374
1232918	1049815
1233486	1037758
1233486	1041908
1238590	1027844
1239019	1029309
1239272	1052810
1241367	1036323
1241367	1241367
1241367	1241367
1242078	1053809
1242078	1195737
1242078	1206865
1242230	1110065
1247750	1004590
1249843	1045298
1250388	1031860
1250388	1367639
1250693	1000957
1250693	1004586
1250693	1017902
1250693	1022676
1250693	1022992
1250693	1054732
1250852	1380285
1252926	1040092
1252926	1401397
1252969	1034148
1252969	1034375
1253074	1027216
1253761	1004674
1258893	1258893
1258893	1258893
1260550	1014473
1260550	1033690
1260550	1037221
1260550	1260550
1260550	1260550
1269412	1031222
1272303	1009405
1272303	1019001
1272303	1021997
1272303	1022004
1272303	1022676
1272303	1031822
1272303	1040688
1272303	1054441
1273953	1042693
1274224	1325700
1274235	1049732
1274235	1274245
1274237	1314762
1274242	1330011
1274245	1045364
1274245	1274235
1274245	1274245
1274245	1274245
1274245	1275369
1274245	1312846
1274245	1331015
1274246	1016668
1274247	1274928
1274247	1355986
1274249	1038974
1274249	1274928
1274249	1388971
1274251	1050540
1274252	1275540
1274254	1274256
1274254	1274258
1274254	1274616
1274254	1274711
1274254	1274981
1274254	1318949
1274254	1345807
1274255	1000905
1274255	1011479
1274255	1054562
1274255	1274256
1274255	1275269
1274255	1304661
1274255	1313754
1274255	1326231
1274256	1274254
1274256	1274255
1274256	1301489
1274258	1009179
1274258	1274254
1274263	1018708
1274263	1050468
1274263	1275747
1274272	1048000
1274274	1314041
1274274	1316125
1274274	1329525
1274276	1314964
1274279	1274760
1274287	1011398
1274287	1021293
1274287	1030708
1274289	1016668
1274290	1025141
1274290	1274496
1274290	1275542
1274290	1312976
1274290	1316825
1274290	1341214
1274296	1315743
1274297	1315743
1274299	1006103
1274299	1014711
1274299	1029338
1274299	1035615
1274299	1046346
1274299	1052900
1274299	1274299
1274299	1274299
1274299	1316625
1274299	1327137
1274299	1380269
1274301	1367688
1274305	1372586
1274310	1276112
1274317	1317139
1274319	1050540
1274322	1047989
1274322	1052810
1274331	1325700
1274336	1080463
1274346	1001714
1274348	1018708
1274348	1025194
1274348	1274348
1274348	1274348
1274350	1025531
1274350	1031254
1274350	1033105
1274350	1037678
1274350	1275344
1274350	1317074
1274374	1049467
1274377	1006332
1274377	1022410
1274379	1014229
1274388	1005110
1274388	1025194
1274388	1032540
1274388	1032633
1274388	1274388
1274388	1274388
1274388	1274417
1274388	1274820
1274388	1319314
1274389	1002372
1274389	1073828
1274389	1274389
1274389	1274389
1274389	1274407
1274390	1275747
1274392	1388971
1274406	1151085
1274406	1316641
1274407	1012646
1274407	1021293
1274407	1274389
1274417	1274388
1274418	1005797
1274418	1043336
1274438	1327084
1274453	1029321
1274453	1315730
1274454	1006332
1274454	1022410
1274454	1314690
1274459	1019398
1274459	1275105
1274459	1275199
1274459	1380269
1274477	1042341
1274477	1274477
1274477	1274477
1274477	1274762
1274479	1005319
1274479	1274479
1274479	1274479
1274479	1318480
1274496	1274290
1274498	1305134
1274535	1313092
1274535	1348091
1274550	1121101
1274556	1315743
1274576	1015186
1274608	1005319
1274608	1053618
1274616	1140849
1274616	1274254
1274628	1336610
1274628	1337573
1274636	1367688
1274639	1274639
1274639	1274639
1274639	1316861
1274640	1275708
1274646	1274651
1274646	1274656
1274647	1274647
1274647	1274647
1274647	1274840
1274647	1276108
1274647	1314917
1274647	1322528
1274649	1035354
1274650	1050540
1274651	1274646
1274651	1274651
1274651	1274651
1274651	1313876
1274651	1316219
1274656	1274646
1274656	1274664
1274656	1274722
1274656	1373345
1274664	1031500
1274664	1049467
1274664	1274656
1274670	1041014
1274670	1348091
1274683	1314917
1274683	1322528
1274705	1274705
1274705	1274705
1274705	1310684
1274711	1274254
1274722	1274656
1274737	1274737
1274737	1274737
1274751	1314136
1274760	1274279
1274761	1276046
1274762	1274477
1274763	1036905
1274763	1050430
1274763	1274943
1274763	1276049
1274763	1313265
1274763	1319314
1274763	1326121
1274763	1355986
1274775	1325426
1274780	1024492
1274780	1274780
1274780	1274780
1274780	1301518
1274780	1313351
1274820	1274388
1274825	1010208
1274825	1274855
1274825	1275880
1274825	1275934
1274825	1313818
1274833	1001714
1274833	1319314
1274840	1274647
1274840	1275100
1274842	1015186
1274842	1020257
1274853	1274853
1274853	1274853
1274855	1043136
1274855	1274825
1274855	1339273
1274869	1005127
1274869	1009601
1274869	1017885
1274869	1027121
1274869	1032079
1274869	1036403
1274869	1062919
1274869	1274869
1274869	1274869
1274888	1152771
1274889	1274889
1274889	1274889
1274889	1313388
1274889	1316346
1274889	1316814
1274889	1320411
1274889	1338217
1274889	1349187
1274889	1349806
1274889	1356883
1274889	1367711
1274902	1005883
1274902	1038066
1274928	1274247
1274928	1274249
1274928	1274928
1274928	1274928
1274928	1316857
1274943	1050430
1274943	1274763
1274943	1274943
1274943	1274943
1274943	1392903
1274964	1009599
1274964	1227601
1274964	1274964
1274964	1274964
1274973	1274973
1274973	1274973
1274973	1310684
1274973	1314473
1274973	1320411
1274978	1018820
1274978	1051526
1274978	1274978
1274978	1274978
1274978	1315179
1274978	1319314
1274979	1355986
1274981	1274254
1274989	1028889
1274989	1040247
1274989	1042111
1275037	1014229
1275044	1005319
1275044	1009179
1275044	1015186
1275044	1041014
1275044	1275044
1275044	1275044
1275044	1326231
1275100	1027577
1275100	1028828
1275100	1037742
1275100	1274840
1275100	1275235
1275100	1275739
1275105	1274459
1275199	1003577
1275199	1150474
1275199	1182681
1275199	1204017
1275199	1274459
1275199	1275199
1275199	1275199
1275199	1312902
1275199	1318730
1275199	1327811
1275199	1377647
1275208	1019264
1275215	1314690
1275221	1018708
1275235	1043136
1275235	1275100
1275262	1318468
1275269	1015115
1275269	1274255
1275285	1313094
1275285	1316854
1275285	1341477
1275297	1315354
1275297	1352366
1275308	1012897
1275308	1186310
1275331	1017742
1275331	1025664
1275331	1160043
1275331	1275331
1275331	1275331
1275340	1315737
1275344	1274350
1275349	1042693
1275356	1042693
1275369	1274245
1275432	1275432
1275432	1275432
1275432	1318468
1275432	1328161
1275455	1276046
1275482	1275739
1275536	1029395
1275536	1319314
1275537	1315143
1275537	1321111
1275538	1020257
1275538	1162139
1275540	1274252
1275540	1275540
1275540	1275540
1275540	1276158
1275542	1274290
1275548	1013529
1275658	1045243
1275668	1349806
1275668	1350408
1275683	1198234
1275683	1317224
1275708	1274640
1275708	1275708
1275708	1275708
1275715	1016668
1275718	1050540
1275739	1036695
1275739	1046960
1275739	1275100
1275739	1275482
1275739	1275739
1275739	1275739
1275747	1000572
1275747	1040990
1275747	1274263
1275747	1274390
1275747	1275747
1275747	1275747
1275747	1313383
1275747	1314140
1275781	1215093
1275781	1345803
1275869	1340457
1275869	1355986
1275880	1274825
1275882	1325426
1275934	1274825
1275943	1000744
1275943	1005438
1275943	1020062
1275943	1033828
1275943	1146783
1275943	1276112
1275943	1314118
1275943	1315247
1275943	1325749
1275947	1010940
1275947	1314453
1275947	1319314
1275947	1327465
1275947	1337573
1275994	1044899
1275994	1325700
1276036	1017207
1276036	1276036
1276036	1276036
1276036	1313754
1276037	1313885
1276046	1274761
1276046	1275455
1276046	1316839
1276046	1317607
1276046	1319091
1276046	1353578
1276049	1274763
1276054	1043561
1276056	1280571
1276108	1021293
1276108	1274647
1276108	1276108
1276108	1276108
1276108	1316390
1276108	1328161
1276108	1337256
1276112	1005438
1276112	1274310
1276112	1275943
1276112	1314690
1276112	1341567
1276115	1121101
1276152	1315866
1276158	1275540
1276164	1002666
1276164	1009257
1276164	1013755
1276164	1018986
1276164	1066625
1276164	1103688
1276164	1276164
1276164	1276164
1276525	1027843
1276532	1012536
1276532	1019089
1276532	1041254
1276532	1149173
1276532	1276532
1276532	1276532
1276532	1369049
1276893	1333410
1279984	1008209
1279984	1018406
1279984	1161039
1279984	1279984
1279984	1279984
1280571	1034896
1280571	1276056
1280571	1318511
1281579	1000571
1281579	1053611
1281914	1041002
1281914	1133171
1285091	1007064
1286302	1037367
1287811	1010571
1288566	1001643
1288566	1024696
1288873	1019745
1289293	1044746
1289436	1007018
1290001	1013529
1290001	1309922
1290001	1316861
1291293	1375106
1291775	1322107
1291776	1313092
1292472	1004899
1292855	1301489
1297348	1165662
1297549	1018093
1299583	1028360
1300406	1317526
1301051	1002848
1301051	1025155
1301051	1036520
1301051	1301051
1301051	1301051
1301377	1127690
1301489	1054562
1301489	1274256
1301489	1292855
1301489	1314473
1301518	1274780
1302392	1045113
1302392	1302392
1302392	1302392
1303007	1023159
1303007	1146083
1303007	1303007
1303007	1303007
1303018	1024141
1303298	1000572
1303298	1313659
1303298	1314473
1303774	1015115
1303774	1038974
1303774	1303774
1303774	1303774
1304159	1304159
1304159	1304159
1304159	1318192
1304159	1356949
1304661	1027577
1304661	1274255
1304661	1313754
1304661	1334211
1305134	1053075
1305134	1274498
1305386	1043561
1305386	1313885
1305386	1314762
1308546	1000823
1308546	1162629
1308546	1319649
1309200	1222557
1309922	1290001
1309922	1313964
1309922	1314473
1309922	1349805
1309995	1000248
1310031	1042693
1310358	1317526
1310480	1010653
1310684	1274705
1310684	1274973
1310684	1320411
1310750	1029321
1310764	1316990
1310764	1326939
1310764	1330629
1312698	1340463
1312758	1042417
1312758	1111147
1312758	1312758
1312758	1312758
1312770	1042390
1312770	1045787
1312770	1047488
1312770	1375873
1312835	1315295
1312836	1122837
1312836	1312836
1312836	1312836
1312836	1319091
1312838	1041082
1312846	1274245
1312846	1316641
1312902	1005438
1312902	1006332
1312902	1034028
1312902	1275199
1312902	1312902
1312902	1312902
1312902	1347637
1312907	1028889
1312907	1065424
1312940	1314041
1312972	1349806
1312976	1274290
1313024	1322437
1313045	1041404
1313092	1027798
1313092	1274535
1313092	1291776
1313092	1313092
1313092	1313092
1313094	1275285
1313252	1002665
1313252	1005319
1313252	1028283
1313252	1042637
1313265	1274763
1313279	1325322
1313341	1033326
1313351	1048469
1313351	1274780
1313383	1051526
1313383	1275747
1313383	1315866
1313383	1322087
1313388	1274889
1313423	1315200
1313431	1319253
1313468	1316990
1313469	1050540
1313471	1035221
1313489	1322437
1313514	1121101
1313539	1375106
1313574	1314041
1313584	1318040
1313655	1008302
1313655	1028508
1313655	1037636
1313655	1042761
1313655	1313655
1313655	1313655
1313655	1314353
1313655	1368152
1313659	1303298
1313680	1313680
1313680	1313680
1313716	1034596
1313751	1325426
1313754	1038974
1313754	1274255
1313754	1276036
1313754	1304661
1313809	1037747
1313818	1274825
1313837	1327575
1313841	1314041
1313851	1325580
1313875	1035354
1313875	1314024
1313875	1328769
1313876	1274651
1313885	1276037
1313885	1305386
1313885	1316405
1313885	1356833
1313964	1309922
1313982	1316125
1313992	1013529
1314024	1005319
1314024	1313875
1314037	1041014
1314041	1274274
1314041	1312940
1314041	1313574
1314041	1313841
1314041	1314041
1314041	1314041
1314041	1314473
1314114	1014071
1314114	1056045
1314118	1275943
1314136	1028837
1314136	1035615
1314136	1042710
1314136	1050793
1314136	1274751
1314136	1314813
1314140	1275747
1314140	1318220
1314146	1198234
1314168	1059748
1314321	1046960
1314321	1345803
1314333	1041528
1314353	1313655
1314353	1316641
1314441	1005268
1314453	1275947
1314453	1345803
1314473	1043330
1314473	1274973
1314473	1301489
1314473	1303298
1314473	1309922
1314473	1314041
1314473	1314473
1314473	1314473
1314525	1316405
1314535	1360156
1314625	1013026
1314625	1015203
1314625	1037758
1314643	1050590
1314643	1317607
1314660	1035354
1314690	1020374
1314690	1274454
1314690	1275215
1314690	1276112
1314690	1314690
1314690	1314690
1314690	1327841
1314690	1387131
1314704	1327084
1314712	1023587
1314738	1043330
1314761	1367855
1314762	1012411
1314762	1274237
1314762	1305386
1314813	1314136
1314858	1035221
1314858	1314975
1314917	1274647
1314917	1274683
1314917	1314917
1314917	1314917
1314917	1318220
1314917	1322527
1314917	1322528
1314964	1038695
1314964	1050906
1314964	1274276
1314964	1314964
1314964	1314964
1314964	1378793
1314975	1028801
1314975	1314858
1314975	1314975
1314975	1314975
1315095	1043330
1315113	1316125
1315143	1275537
1315155	1008067
1315155	1186310
1315155	1348243
1315179	1274978
1315187	1035027
1315187	1375219
1315200	1021108
1315200	1313423
1315247	1275943
1315258	1351725
1315289	1340463
1315295	1312835
1315335	1024824
1315354	1275297
1315354	1318963
1315447	1331220
1315463	1316125
1315471	1316450
1315471	1318919
1315511	1045119
1315545	1024551
1315545	1158386
1315557	1004775
1315557	1049637
1315557	1054447
1315557	1159716
1315557	1315557
1315557	1315557
1315557	1345504
1315687	1315687
1315687	1315687
1315687	1316405
1315730	1274453
1315737	1011453
1315737	1015070
1315737	1142576
1315737	1275340
1315737	1359990
1315743	1005110
1315743	1274296
1315743	1274297
1315743	1274556
1315743	1316346
1315743	1316854
1315743	1349805
1315743	1354507
1315816	1019481
1315816	1035671
1315866	1047358
1315866	1049732
1315866	1276152
1315866	1313383
1315866	1315866
1315866	1315866
1316125	1011479
1316125	1274274
1316125	1313982
1316125	1315113
1316125	1315463
1316125	1327465
1316219	1274651
1316346	1274889
1316346	1315743
1316346	1326231
1316346	1338217
1316353	1316353
1316353	1316353
1316390	1116446
1316390	1276108
1316394	1037747
1316405	1008070
1316405	1313885
1316405	1314525
1316405	1315687
1316405	1345988
1316446	1069845
1316450	1315471
1316512	1028360
1316540	1166228
1316624	1375106
1316625	1274299
1316641	1000823
1316641	1009219
1316641	1015751
1316641	1033202
1316641	1050179
1316641	1211661
1316641	1274406
1316641	1312846
1316641	1314353
1316641	1331243
1316769	1340463
1316799	1323377
1316814	1274889
1316825	1274290
1316839	1276046
1316839	1317607
1316854	1275285
1316854	1315743
1316854	1338217
1316854	1349187
1316857	1274928
1316861	1274639
1316861	1290001
1316861	1322437
1316990	1052229
1316990	1310764
1316990	1313468
1316990	1316990
1316990	1316990
1317030	1349806
1317039	1329525
1317074	1031254
1317074	1065424
1317074	1274350
1317074	1317074
1317074	1317074
1317074	1318963
1317139	1274317
1317139	1317139
1317139	1317139
1317188	1339697
1317224	1275683
1317294	1321008
1317315	1318220
1317526	1016668
1317526	1093565
1317526	1300406
1317526	1310358
1317526	1317526
1317526	1317526
1317607	1276046
1317607	1314643
1317607	1316839
1317607	1317607
1317607	1317607
1317607	1319091
1317607	1323524
1317644	1032915
1318040	1313584
1318040	1330629
1318040	1370465
1318192	1304159
1318216	1002675
1318216	1011725
1318220	1314140
1318220	1314917
1318220	1317315
1318220	1322527
1318220	1322528
1318267	1318267
1318267	1318267
1318324	1337445
1318341	1215394
1318372	1012411
1318372	1198234
1318372	1318372
1318372	1318372
1318468	1275262
1318468	1275432
1318468	1367851
1318480	1274479
1318511	1280571
1318719	1141865
1318730	1275199
1318883	1031500
1318919	1315471
1318949	1014781
1318949	1274254
1318949	1325065
1318963	1008299
1318963	1015108
1318963	1015203
1318963	1015870
1318963	1037118
1318963	1042111
1318963	1059748
1318963	1191334
1318963	1315354
1318963	1317074
1318963	1318963
1318963	1318963
1319032	1367855
1319091	1276046
1319091	1312836
1319091	1317607
1319253	1215722
1319253	1313431
1319253	1319253
1319253	1319253
1319253	1319356
1319314	1036839
1319314	1274388
1319314	1274763
1319314	1274833
1319314	1274978
1319314	1275536
1319314	1275947
1319356	1037870
1319356	1319253
1319356	1375106
1319406	1003577
1319406	1006385
1319406	1376099
1319649	1005438
1319649	1037854
1319649	1308546
1320244	1046960
1320285	1327084
1320411	1000905
1320411	1011479
1320411	1034896
1320411	1138320
1320411	1152771
1320411	1274889
1320411	1274973
1320411	1310684
1320411	1320411
1320411	1320411
1320583	1002071
1321008	1317294
1321049	1035354
1321111	1275537
1321141	1222638
1321432	1039156
1321587	1367855
1321713	1037023
1321713	1107699
1321787	1321787
1321787	1321787
1321863	1006871
1321863	1034148
1322016	1375560
1322087	1313383
1322107	1012611
1322107	1032335
1322107	1061175
1322107	1291775
1322152	1023714
1322329	1017055
1322437	1313024
1322437	1313489
1322437	1316861
1322527	1314917
1322527	1318220
1322527	1322527
1322527	1322527
1322527	1322528
1322528	1274647
1322528	1274683
1322528	1314917
1322528	1318220
1322528	1322527
1322856	1322856
1322856	1322856
1323000	1151085
1323065	1037356
1323377	1038193
1323377	1054562
1323377	1316799
1323377	1323377
1323377	1323377
1323460	1015870
1323460	1375560
1323524	1317607
1323524	1327575
1323799	1032298
1324144	1025426
1324668	1186248
1324960	1006292
1324960	1021281
1324960	1030117
1324960	1031254
1324966	1174732
1325012	1041528
1325065	1005319
1325065	1318949
1325322	1313279
1325426	1054340
1325426	1274775
1325426	1275882
1325426	1313751
1325426	1355741
1325580	1009219
1325580	1017742
1325580	1035579
1325580	1048674
1325580	1160043
1325580	1313851
1325633	1035354
1325700	1032633
1325700	1274224
1325700	1274331
1325700	1275994
1325700	1325700
1325700	1325700
1325700	1326231
1325700	1327084
1325700	1366735
1325700	1367855
1325749	1275943
1325896	1025229
1325972	1025229
1326121	1274763
1326231	1274255
1326231	1275044
1326231	1316346
1326231	1325700
1326231	1348088
1326231	1355986
1326396	1351725
1326496	1019278
1326939	1310764
1326939	1326939
1326939	1326939
1327084	1274438
1327084	1314704
1327084	1320285
1327084	1325700
1327084	1327671
1327084	1367688
1327137	1274299
1327156	1011479
1327283	1003658
1327283	1008390
1327283	1010731
1327283	1022999
1327283	1025664
1327283	1030049
1327283	1051850
1327465	1275947
1327465	1316125
1327522	1013934
1327522	1022772
1327522	1044882
1327522	1327522
1327522	1327522
1327549	1145053
1327575	1313837
1327575	1323524
1327671	1327084
1327730	1341567
1327811	1275199
1327811	1376099
1327841	1314690
1328052	1001714
1328157	1006860
1328161	1021293
1328161	1040892
1328161	1275432
1328161	1276108
1328161	1328161
1328161	1328161
1328599	1204017
1328769	1313875
1328769	1328769
1328769	1328769
1329131	1352366
1329525	1015199
1329525	1274274
1329525	1317039
1329525	1329525
1329525	1329525
1330011	1274242
1330184	1057463
1330223	1035221
1330236	1078764
1330629	1310764
1330629	1318040
1331015	1274245
1331105	1332657
1331154	1008067
1331154	1015870
1331154	1042693
1331154	1058969
1331154	1151079
1331220	1005071
1331220	1065775
1331220	1315447
1331243	1043336
1331243	1316641
1332156	1003174
1332156	1186310
1332156	1350341
1332478	1352366
1332657	1331105
1332657	1332657
1332657	1332657
1332704	1049815
1333410	1276893
1333410	1333410
1333410	1333410
1334211	1006938
1334211	1304661
1336610	1274628
1337256	1276108
1337259	1028297
1337259	1151085
1337445	1318324
1337573	1274628
1337573	1275947
1337881	1372586
1337889	1407633
1338013	1042693
1338013	1047488
1338013	1367639
1338096	1338096
1338096	1338096
1338185	1360156
1338217	1014781
1338217	1274889
1338217	1316346
1338217	1316854
1338217	1354507
1338466	1046960
1338535	1341719
1338535	1370695
1339273	1081815
1339273	1274855
1339697	1317188
1339697	1339697
1339697	1339697
1339697	1362289
1339978	1050540
1340040	1053845
1340431	1005233
1340431	1025145
1340431	1036514
1340457	1275869
1340463	1312698
1340463	1315289
1340463	1316769
1340972	1054399
1341214	1274290
1341378	1222557
1341477	1275285
1341567	1001127
1341567	1005438
1341567	1023936
1341567	1276112
1341567	1327730
1341719	1018406
1341719	1338535
1341719	1341719
1341719	1341719
1341821	1012611
1342734	1035221
1342809	1009179
1343666	1022999
1343666	1216319
1345504	1044882
1345504	1210861
1345504	1315557
1345741	1028283
1345791	1015870
1345791	1042642
1345791	1345791
1345791	1345791
1345803	1000526
1345803	1033257
1345803	1275781
1345803	1314321
1345803	1314453
1345807	1274254
1345988	1316405
1346503	1209168
1346550	1041404
1346574	1000248
1347637	1312902
1347637	1347637
1347637	1347637
1348088	1326231
1348088	1354507
1348091	1041014
1348091	1045243
1348091	1048000
1348091	1274535
1348091	1274670
1348091	1349806
1348091	1367688
1348243	1315155
1348506	1037747
1348696	1019001
1349187	1050540
1349187	1274889
1349187	1316854
1349187	1352659
1349187	1358987
1349383	1349383
1349383	1349383
1349383	1392903
1349805	1309922
1349805	1315743
1349806	1030951
1349806	1274889
1349806	1275668
1349806	1312972
1349806	1317030
1349806	1348091
1349806	1349806
1349806	1349806
1349806	1354806
1349806	1359191
1350341	1332156
1350408	1275668
1351625	1360156
1351725	1315258
1351725	1326396
1351725	1351725
1351725	1351725
1352366	1002071
1352366	1022999
1352366	1024195
1352366	1025664
1352366	1275297
1352366	1329131
1352366	1332478
1352448	1012463
1352500	1025155
1352500	1032298
1352500	1040529
1352500	1044733
1352659	1349187
1353578	1209168
1353578	1276046
1353578	1353578
1353578	1353578
1354143	1034148
1354507	1315743
1354507	1338217
1354507	1348088
1354798	1367688
1354806	1349806
1354968	1198234
1355741	1325426
1355986	1028283
1355986	1034896
1355986	1274247
1355986	1274763
1355986	1274979
1355986	1275869
1355986	1326231
1356833	1022095
1356833	1038193
1356833	1313885
1356883	1274889
1356949	1304159
1358383	1004891
1358383	1140812
1358383	1358383
1358383	1358383
1358987	1349187
1358987	1378897
1359145	1017055
1359191	1349806
1359258	1036879
1359258	1041004
1359258	1054430
1359258	1199222
1359945	1031173
1359990	1315737
1360156	1042637
1360156	1314535
1360156	1338185
1360156	1351625
1360156	1360156
1360156	1360156
1360757	1367711
1361996	1002966
1362289	1339697
1362736	1028801
1362970	1366735
1363067	1032108
1363834	1049732
1364692	1364692
1364692	1364692
1366735	1325700
1366735	1362970
1367639	1004817
1367639	1005286
1367639	1023769
1367639	1031860
1367639	1250388
1367639	1338013
1367639	1367736
1367639	1369971
1367688	1053618
1367688	1274301
1367688	1274636
1367688	1327084
1367688	1348091
1367688	1354798
1367711	1274889
1367711	1360757
1367736	1367639
1367851	1318468
1367851	1367855
1367855	1314761
1367855	1319032
1367855	1321587
1367855	1325700
1367855	1367851
1367995	1017055
1368152	1313655
1368771	1378897
1369049	1276532
1369971	1367639
1370465	1318040
1370695	1338535
1372006	1031821
1372586	1274305
1372586	1337881
1373345	1054424
1373345	1274656
1373345	1373345
1373345	1373345
1374164	1042637
1375106	1037870
1375106	1291293
1375106	1313539
1375106	1316624
1375106	1319356
1375219	1315187
1375560	1012727
1375560	1322016
1375560	1323460
1375873	1312770
1376099	1319406
1376099	1327811
1376099	1376099
1376099	1376099
1376528	1141865
1377647	1275199
1378793	1314964
1378897	1040056
1378897	1358987
1378897	1368771
1379580	1080463
1379653	1049732
1380269	1031173
1380269	1038066
1380269	1042157
1380269	1274299
1380269	1274459
1380269	1380285
1380285	1250852
1380285	1380269
1387131	1314690
1388971	1274249
1388971	1274392
1389039	1389039
1389039	1389039
1389176	1035354
1389421	1035354
1390696	1004899
1392903	1274943
1392903	1349383
1399748	1033794
1399768	1028800
1399768	1206865
1401397	1252926
1407633	1037758
1407633	1337889
1408429	1052810
