1000004	374	1	4
1000008	304	1	4
1000010	121	1	4
1000012	57	2	3
1000015	1178	2	4
1000022	27	2	4
1000045	8	1	5
1000048	6	2	4
1000050	8	1	8
1000051	13	2	3
1000053	34	1	3
1000055	6	2	3
1000057	245	2	3
1000061	236	2	3
1000065	34	1	7
1000066	8	1	3
1000067	87	2	4
1000068	6	2	3
1000069	8	2	6
1000072	43	2	4
1000078	54	1	6
1000086	827	2	7
1000087	14	1	4
1000088	95	2	3
1000090	120	1	3
1000091	96	2	7
1000094	6	2	3
1000098	8	1	5
1000104	8	1	5
1000106	112	1	4
1000108	6	2	4
1000111	5	2	5
1000115	43	1	5
1000125	308	2	4
1000126	45	2	4
1000147	1	1	4
1000149	8	2	7
1000154	147	1	3
1000157	27	1	5
1000163	1	1	3
1000165	106	1	5
1000166	26	1	4
1000167	8	2	5
1000169	23	1	6
1000170	59	1	4
1000171	90	2	5
1000175	8	2	8
1000178	8	1	4
1000179	6	2	2
1000191	44	2	4
1000193	1	1	7
1000194	6	2	5
1000195	20	1	5
1000198	224	2	4
1000201	37	1	4
1000204	23	2	3
1000208	492	2	4
1000212	6	2	3
1000217	317	1	4
1000218	156	2	5
1000221	15	2	2
1000242	202	1	4
1000244	37	2	7
1000248	31	1	5
1000257	237	1	4
1000263	9	2	4
1000268	305	2	2
1000272	8	2	4
1000287	8	1	4
1000290	20	1	6
1000296	37	1	4
1000348	69	2	7
1000351	205	1	7
1000354	78	2	4
1000365	8	2	8
1000373	3	2	4
1000374	14	1	7
1000378	42	1	4
1000379	465	2	4
1000382	91	1	7
1000388	13	2	4
1000391	55	1	5
1000393	8	1	7
1000395	1	1	7
1000397	356	2	6
1000403	1	1	2
1000410	13	2	7
1000415	3	1	6
1000420	8	1	6
1000425	439	2	6
1000429	27	2	4
1000442	676	2	4
1000471	492	2	4
1000473	8	2	5
1000491	409	1	5
1000499	164	2	6
1000525	115	1	4
1000533	13	1	7
1000537	399	1	5
1000538	1	1	7
1000544	8	1	6
1000548	135	1	5
1000567	3	1	4
1000570	13	1	4
1000574	6	1	6
1000576	8	1	3
1000584	78	1	7
1000606	401	2	5
1000634	6	1	6
1000643	410	2	4
1000649	8	1	5
1000676	13	1	7
1000681	23	1	3
1000698	122	2	6
1000702	550	1	6
1000705	13	2	4
1000706	13	1	9
1000707	58	2	7
1000718	187	2	9
1000743	14	1	4
1000746	22	1	5
1000762	78	1	3
1000771	229	1	5
1000790	768	2	6
1000810	612	1	4
1000824	70	1	3
1000851	540	1	8
1000856	27	1	8
1000879	486	2	5
1000903	1187	1	4
1000905	115	1	6
1000915	13	2	3
1000951	262	2	6
1000963	164	1	3
1001042	71	1	4
1001074	114	2	4
1001081	66	1	4
1001098	71	2	4
1001163	1	1	8
1001177	6	1	6
1001293	3	1	5
1001373	183	2	3
1001479	71	2	7
1001714	364	2	6
1001753	71	2	3
1001980	348	1	5
1002344	668	1	4
1002460	71	1	7
1002664	55	1	3
1002666	8	1	5
1002668	16	1	3
1002670	28	1	6
1002671	52	1	4
1002672	8	1	5
1002674	14	2	5
1002675	711	1	9
1002676	23	2	5
1002678	8	2	5
1002679	23	1	6
1002680	105	1	7
1002681	9	2	6
1002683	1	1	6
1002685	37	1	6
1002686	1	1	7
1002688	8	1	7
1002690	8	1	6
1002691	6	2	4
1002692	43	1	4
1002694	27	2	5
1002695	83	1	6
1002698	7	1	5
1002709	803	1	7
1002713	15	1	4
1002714	13	2	6
1002723	183	1	4
1002727	6	1	6
1002728	1	1	5
1002729	8	1	5
1002730	8	1	8
1002733	105	2	6
1002735	14	1	5
1002736	6	1	6
1002739	6	1	6
1002740	55	1	7
1002744	55	1	5
1002745	56	1	7
1002746	8	1	5
1002752	6	1	8
1002764	20	1	4
1002768	24	1	6
1002769	147	1	6
1002770	52	1	6
1002771	105	1	6
1002775	200	1	6
1002778	14	2	8
1002779	8	1	7
1002780	37	1	9
1002781	27	1	8
1002785	43	1	7
1002788	13	1	8
1002789	151	1	5
1002792	8	1	7
1002799	5	2	6
1002801	11	1	5
1002808	141	1	9
1002817	8	1	6
1002822	1	1	6
1002825	3	2	4
1002837	6	1	4
1002844	44	1	7
1002864	313	2	5
1002867	71	2	6
1002869	55	1	5
1002874	3	1	7
1002902	70	1	7
1002915	71	2	5
1002944	164	2	6
1002966	574	1	7
1002972	8	1	9
1003088	71	1	6
1003447	71	2	8
1003481	1023	2	3
1003482	838	1	4
1003485	8	2	3
1003487	13	2	4
1003493	13	1	6
1003500	71	1	7
1003523	343	1	6
1003525	226	1	8
1003530	3	1	7
1003625	841	1	5
1003627	71	1	5
1003678	107	1	8
1003724	71	1	7
1003737	344	1	7
1003755	71	1	6
1003779	340	2	7
1004356	71	2	9
1004508	184	1	7
1004511	417	2	5
1004565	13	2	3
1004566	42	1	5
1004568	6	1	5
1004571	43	2	4
1004573	13	1	4
1004576	13	2	8
1004577	37	1	7
1004578	64	1	5
1004580	6	1	2
1004583	8	1	5
1004584	103	2	4
1004586	61	1	6
1004588	6	2	5
1004589	6	1	9
1004591	14	1	4
1004593	49	1	5
1004596	13	1	3
1004598	5	1	7
1004609	37	2	5
1004615	37	1	5
1004616	8	2	4
1004617	37	1	4
1004619	354	2	4
1004621	8	1	4
1004623	8	1	4
1004627	18	1	3
1004631	59	1	5
1004634	6	2	3
1004638	8	1	4
1004643	209	1	4
1004644	3	2	5
1004650	6	2	7
1004653	28	2	6
1004660	16	1	3
1004664	1107	2	4
1004674	13	2	3
1004675	10	1	6
1004677	14	1	5
1004684	91	1	4
1004686	44	1	4
1004691	105	2	5
1004695	37	1	5
1004700	1	1	5
1004705	6	2	6
1004707	355	1	4
1004729	1188	2	4
1004742	54	1	7
1004751	196	1	2
1004763	122	1	5
1004765	13	1	7
1004773	364	2	5
1004785	8	1	6
1004795	34	1	3
1004805	3	1	4
1004859	57	1	3
1004860	835	2	4
1004861	15	2	3
1004886	13	1	6
1004888	8	1	5
1004891	3	1	4
1004895	8	1	5
1004899	3	1	6
1004913	6	1	6
1004916	311	1	6
1004938	164	2	5
1004946	58	1	6
1005037	144	1	8
1005054	753	2	5
1005071	141	1	3
1005082	37	1	8
1005104	502	2	5
1005159	266	2	4
1005164	559	2	5
1005196	243	1	5
1005208	389	2	5
1005210	14	1	5
1005215	162	2	7
1005219	5	1	7
1005223	28	2	2
1005234	53	1	6
1005269	942	1	5
1005296	37	1	4
1005297	364	2	5
1005299	3	1	4
1005361	1110	2	4
1005370	400	1	4
1005391	494	1	7
1005405	54	1	4
1005418	576	1	4
1005460	576	2	5
1005472	640	2	3
1005481	417	1	7
1005497	52	1	4
1005521	581	1	5
1005524	8	1	7
1005530	3	1	6
1005571	37	1	3
1005675	564	1	9
1005773	42	1	4
1005774	98	2	4
1005822	403	1	6
1005922	3	1	9
1005945	71	1	8
1005959	628	2	3
1006036	212	2	3
1006051	1016	2	5
1006260	340	2	4
1006262	628	2	4
1006330	340	1	6
1006357	684	2	8
1006392	309	2	3
1006697	71	2	5
1006955	3	2	4
1006956	108	1	5
1006958	52	1	4
1006964	57	1	5
1006970	8	1	4
1006974	26	1	6
1006975	5	2	5
1006977	13	1	6
1006980	52	1	5
1006981	58	1	7
1006985	23	1	8
1006990	1	1	5
1006991	76	1	7
1006992	6	1	8
1007000	55	1	7
1007007	27	2	4
1007009	6	1	7
1007010	34	2	5
1007012	23	1	7
1007013	55	1	6
1007014	14	2	7
1007015	59	1	5
1007017	6	1	4
1007018	266	1	6
1007020	1	2	7
1007022	5	1	6
1007028	1	1	5
1007030	8	1	8
1007032	426	1	7
1007036	6	1	5
1007044	37	2	8
1007046	8	1	8
1007058	13	2	8
1007064	262	1	7
1007068	64	1	7
1007074	37	1	8
1007078	56	1	7
1007082	54	1	6
1007083	8	2	7
1007087	6	1	4
1007090	82	2	4
1007091	6	1	7
1007103	1	1	6
1007123	1	1	4
1007134	71	2	8
1007138	66	1	7
1007143	9	1	8
1007145	492	1	7
1007192	924	2	5
1007197	6	1	5
1007201	820	2	4
1007205	981	1	5
1007210	3	1	7
1007211	108	2	9
1007224	443	1	9
1007227	243	1	8
1007231	779	1	7
1007481	653	1	7
1007512	310	2	3
1007746	18	1	4
1008065	6	2	3
1008067	649	1	3
1008069	1	1	4
1008070	655	1	5
1008079	348	1	6
1008148	3	1	7
1008183	3	2	8
1008191	348	1	6
1008209	3	2	8
1008309	615	1	6
1008326	666	1	7
1008548	259	1	7
1009174	410	1	7
1009215	260	1	6
1009234	6	2	3
1009236	37	2	4
1009238	27	1	7
1009239	6	1	5
1009240	6	1	4
1009242	6	1	5
1009256	37	2	4
1009257	9	1	4
1009260	14	1	6
1009261	162	2	4
1009265	8	1	5
1009267	1	2	4
1009271	186	2	3
1009272	27	1	5
1009274	37	2	4
1009278	8	1	3
1009282	8	1	4
1009283	41	2	4
1009286	67	2	5
1009292	8	2	5
1009294	21	2	3
1009295	3	2	3
1009301	34	1	5
1009303	69	2	4
1009305	8	1	4
1009308	11	1	4
1009310	43	1	4
1009313	49	1	5
1009314	127	1	4
1009317	64	2	5
1009318	6	1	3
1009320	6	2	4
1009322	8	2	5
1009324	9	2	3
1009332	383	2	3
1009334	43	2	4
1009341	544	2	8
1009348	8	1	3
1009349	43	2	5
1009364	558	2	6
1009365	27	1	5
1009369	8	1	3
1009374	8	1	4
1009378	8	1	4
1009392	22	2	5
1009393	8	1	5
1009398	1093	1	5
1009405	13	1	4
1009410	1	2	8
1009411	272	1	5
1009412	156	1	6
1009415	55	1	3
1009423	8	2	6
1009428	757	1	3
1009433	803	1	4
1009434	6	1	4
1009435	528	2	4
1009436	5	2	4
1009437	55	2	4
1009438	103	2	7
1009451	31	1	4
1009456	1	1	3
1009458	97	1	7
1009461	243	2	4
1009471	10	2	5
1009473	20	2	4
1009477	23	2	6
1009484	223	1	5
1009491	407	2	4
1009507	8	1	5
1009525	37	1	7
1009530	5	1	6
1009545	3	1	5
1009553	436	2	3
1009561	15	1	6
1009563	77	1	8
1009575	23	2	6
1009579	52	1	5
1009600	6	1	5
1009610	1200	2	5
1009613	1165	2	5
1009634	8	2	3
1009638	1	1	5
1009652	8	2	5
1009674	58	1	5
1009703	3	1	5
1009704	258	1	5
1009705	54	2	4
1009730	768	2	3
1009777	670	1	5
1009809	34	1	5
1009844	820	2	4
1009851	71	2	3
1009872	37	1	3
1009875	615	2	4
1009879	8	1	4
1009895	501	1	3
1009902	14	1	5
1009922	309	2	4
1009932	403	2	5
1009941	8	1	5
1009983	8	1	7
1009990	3	1	7
1009991	1	1	6
1010036	475	2	3
1010063	396	1	4
1010076	474	1	6
1010082	644	1	4
1010120	3	1	8
1010132	8	1	8
1010193	37	1	4
1010226	3	1	7
1010252	71	1	5
1010294	286	1	5
1010302	645	1	4
1010486	6	1	4
1010489	3	2	7
1010503	13	1	3
1010507	13	1	6
1010508	84	1	5
1010509	51	1	6
1010510	13	1	4
1010533	1	1	3
1010536	8	1	4
1010537	8	1	6
1010538	8	1	5
1010539	53	1	6
1010540	1	1	8
1010541	37	1	5
1010543	268	1	6
1010544	37	1	6
1010545	6	2	4
1010546	8	1	6
1010548	102	2	6
1010549	42	1	5
1010551	8	1	6
1010555	897	2	7
1010556	840	1	8
1010558	106	1	8
1010559	27	1	4
1010561	252	1	5
1010562	55	1	6
1010566	23	2	5
1010570	13	1	8
1010571	6	1	7
1010573	23	1	7
1010574	8	1	9
1010576	201	1	6
1010577	6	1	8
1010581	13	1	4
1010585	23	2	7
1010588	66	2	5
1010589	3	2	5
1010596	66	1	5
1010598	8	1	6
1010600	53	1	7
1010601	10	1	6
1010603	6	1	7
1010607	6	1	6
1010614	22	2	5
1010623	172	2	6
1010626	147	1	7
1010629	105	1	5
1010630	14	1	7
1010631	84	1	4
1010635	60	1	4
1010638	1025	2	3
1010646	8	1	5
1010647	164	1	5
1010652	5	2	9
1010657	55	2	5
1010658	195	1	7
1010677	44	2	4
1010684	37	1	6
1010687	8	1	7
1010688	151	2	8
1010692	1	1	7
1010708	412	2	7
1010724	123	1	7
1010731	419	1	6
1010740	98	1	5
1010741	731	1	6
1010752	3	1	7
1010757	16	1	5
1010762	71	1	3
1010902	989	1	7
1011112	695	2	4
1011155	71	2	4
1011473	71	1	7
1011479	115	1	6
1011504	20	1	5
1011513	366	1	3
1011644	71	1	4
1011970	71	1	6
1012470	385	1	5
1012506	150	2	5
1012512	342	2	5
1012515	94	2	3
1012516	5	1	8
1012517	803	1	3
1012518	54	1	4
1012521	886	1	5
1012531	77	1	4
1012532	828	1	4
1012533	6	2	3
1012543	103	1	7
1012570	78	1	8
1012571	59	1	6
1012581	576	1	5
1012586	493	1	7
1012587	6	1	6
1012594	78	2	8
1012611	1118	1	5
1012650	340	1	5
1012653	875	1	5
1012654	3	1	7
1012663	3	2	5
1012702	55	1	8
1012738	15	1	6
1012781	78	1	7
1012784	627	1	5
1012794	309	1	7
1012812	340	1	8
1012863	340	1	5
1013228	630	1	9
1013702	342	1	7
1013730	84	1	7
1013738	71	2	6
1013749	55	1	7
1013758	15	2	4
1013759	6	1	4
1013760	8	1	5
1013761	6	1	6
1013764	138	1	4
1013765	116	2	9
1013767	43	2	4
1013769	36	1	5
1013776	15	1	8
1013779	13	1	5
1013784	49	2	2
1013785	26	2	2
1013789	68	2	3
1013790	55	1	4
1013791	138	2	6
1013794	8	1	5
1013798	237	2	8
1013799	5	1	4
1013814	13	2	5
1013815	10	1	4
1013816	5	1	8
1013817	34	1	6
1013818	135	1	6
1013832	9	2	3
1013834	15	1	7
1013835	23	2	7
1013836	8	1	4
1013838	8	1	8
1013841	1	2	3
1013842	872	2	3
1013843	6	2	4
1013845	334	1	7
1013849	55	1	6
1013857	9	2	7
1013858	20	2	4
1013867	182	1	4
1013870	59	1	5
1013872	6	1	7
1013885	6	2	4
1013896	369	2	8
1013898	1231	1	6
1013902	10	1	5
1013908	8	1	4
1013911	900	1	3
1013915	5	2	6
1013916	8	1	5
1013923	6	1	7
1013927	11	1	5
1013928	1	1	6
1013930	182	1	6
1013932	44	1	6
1013935	71	1	4
1013942	6	2	4
1013948	6	1	5
1013952	22	2	5
1013956	13	2	6
1013967	243	1	6
1013971	8	1	6
1013973	237	2	7
1013981	1143	2	3
1013986	37	1	4
1013988	112	1	7
1013989	24	2	4
1013993	1	2	6
1013996	6	1	4
1013997	61	1	5
1013998	249	2	6
1014000	799	2	6
1014005	6	1	8
1014006	576	2	3
1014016	66	1	4
1014022	13	2	4
1014029	31	1	4
1014036	6	2	5
1014049	6	1	4
1014053	87	1	4
1014054	147	1	4
1014063	141	1	4
1014069	6	1	5
1014071	9	1	7
1014085	43	1	7
1014087	594	1	5
1014098	104	1	4
1014162	187	1	3
1014166	141	1	3
1014178	34	1	4
1014180	869	2	7
1014182	69	2	4
1014209	13	1	5
1014218	400	2	4
1014229	71	1	3
1014254	34	1	7
1014264	37	1	6
1014268	31	1	8
1014284	854	1	5
1014285	842	2	5
1014291	16	1	4
1014299	6	2	2
1014304	333	2	8
1014319	59	1	3
1014332	115	2	9
1014354	95	1	5
1014370	29	2	3
1014402	531	1	5
1014453	8	1	6
1014456	576	2	3
1014465	164	2	5
1014473	259	1	4
1014478	71	2	4
1014493	568	1	4
1014523	1083	1	4
1014531	413	1	6
1014537	326	1	4
1014550	71	2	6
1014565	354	2	4
1014589	71	1	3
1014598	105	2	5
1014609	344	1	6
1014659	941	1	5
1014698	105	1	6
1014730	3	2	5
1014742	71	2	4
1014744	27	1	5
1014844	643	2	4
1014881	34	1	7
1014956	155	2	8
1015053	78	2	5
1015108	71	1	4
1015115	696	1	6
1015203	612	1	7
1015289	71	1	6
1015479	615	1	4
1015608	71	1	7
1015786	662	2	5
1015846	340	2	6
1015951	345	1	7
1015958	1067	1	6
1016117	400	1	5
1016614	16	2	3
1016618	3	1	9
1016662	314	1	7
1016664	6	1	3
1016669	13	1	3
1016671	15	1	6
1016672	13	1	2
1016675	1	2	5
1016676	15	1	3
1016677	3	2	5
1016678	15	2	5
1016679	171	2	5
1016680	13	2	5
1016681	8	1	5
1016693	31	1	5
1016698	5	1	5
1016703	842	1	7
1016708	8	2	6
1016711	24	1	5
1016717	90	1	4
1016736	242	2	7
1016770	6	1	8
1016773	98	1	6
1016780	452	1	7
1016792	3	1	8
1016811	187	1	7
1016875	349	2	8
1016878	612	1	7
1016891	340	2	8
1016930	71	2	3
1016938	71	2	7
1016939	419	1	5
1016951	52	1	8
1016968	344	1	5
1017011	663	1	9
1017055	71	1	5
1017057	286	2	8
1017061	71	1	8
1017083	634	1	5
1017742	344	1	7
1017831	1130	1	5
1017837	383	2	3
1017885	180	1	3
1017886	33	2	5
1017887	1	1	3
1017893	105	1	5
1017894	8	2	3
1017896	73	1	4
1017897	13	1	6
1017898	18	1	6
1017902	69	1	4
1017903	249	1	4
1017904	171	1	4
1017906	16	1	4
1017907	27	1	5
1017912	1	1	4
1017914	15	2	4
1017916	1	1	5
1017918	487	1	6
1017935	6	2	2
1017942	24	1	4
1017944	904	2	6
1017946	6	1	5
1017950	351	2	4
1017961	105	1	4
1017965	6	2	4
1017966	56	1	4
1017967	70	1	4
1017969	6	1	4
1017983	8	2	4
1017984	8	2	5
1017989	211	1	6
1017994	43	1	3
1017996	6	1	4
1018015	231	1	6
1018018	84	2	4
1018021	6	1	3
1018022	27	1	5
1018031	9	2	3
1018039	6	1	4
1018043	58	1	4
1018056	1	1	5
1018059	15	2	5
1018063	6	2	3
1018065	8	1	5
1018066	49	2	3
1018067	3	1	3
1018072	70	1	7
1018075	8	1	4
1018077	54	1	5
1018084	34	2	6
1018091	3	1	4
1018093	3	1	4
1018098	6	2	4
1018111	860	1	4
1018118	1	2	4
1018121	5	2	8
1018122	8	1	5
1018126	13	2	4
1018143	44	2	3
1018148	6	1	6
1018149	3	2	4
1018164	43	1	4
1018199	455	1	5
1018213	3	1	4
1018218	264	2	4
1018225	264	2	3
1018230	6	1	5
1018247	43	1	5
1018259	1	1	5
1018264	16	1	4
1018300	37	2	5
1018303	760	1	5
1018310	1184	2	3
1018318	10	1	7
1018319	383	2	4
1018320	6	2	5
1018342	1	1	4
1018358	337	2	4
1018387	377	2	5
1018409	305	1	4
1018410	59	1	6
1018431	842	1	3
1018432	14	1	7
1018433	155	1	4
1018454	1	1	7
1018458	6	2	5
1018461	44	1	4
1018514	52	1	7
1018525	6	1	5
1018562	625	2	3
1018568	21	1	8
1018602	733	1	5
1018617	669	2	3
1018657	603	1	4
1018693	122	1	6
1018733	6	1	6
1018741	621	2	5
1018777	3	2	7
1018783	71	2	5
1018787	1091	1	3
1018976	14	2	3
1018977	41	2	3
1018978	5	2	4
1018981	58	2	2
1018985	15	2	4
1018986	66	1	5
1018989	13	2	5
1018990	501	2	3
1019000	8	2	5
1019001	6	1	4
1019007	61	1	5
1019010	6	1	7
1019011	244	2	5
1019012	8	1	6
1019013	38	2	4
1019014	70	2	5
1019015	48	1	4
1019016	147	1	5
1019017	6	2	5
1019019	1	1	7
1019020	8	2	5
1019021	8	2	5
1019023	368	1	5
1019027	52	1	7
1019028	34	2	5
1019029	54	1	6
1019030	16	2	4
1019031	12	1	6
1019032	231	2	5
1019033	6	1	5
1019034	6	2	6
1019035	27	1	6
1019036	6	1	4
1019038	811	1	6
1019039	6	1	5
1019040	12	1	5
1019043	582	1	5
1019049	282	1	7
1019050	8	1	8
1019052	53	2	9
1019053	8	1	6
1019054	1	1	7
1019055	42	1	7
1019056	6	1	6
1019058	6	1	6
1019062	23	1	6
1019064	13	2	8
1019069	27	1	8
1019072	35	2	6
1019073	8	1	8
1019076	1	1	7
1019082	13	1	5
1019089	17	1	6
1019090	969	1	7
1019095	142	2	7
1019096	13	1	7
1019099	35	1	8
1019102	59	1	7
1019103	6	2	8
1019106	1	1	8
1019110	52	1	7
1019121	37	1	7
1019126	874	1	6
1019127	122	1	6
1019138	726	1	6
1019146	43	1	5
1019149	53	2	9
1019156	214	2	7
1019157	187	2	9
1019160	137	1	7
1019162	717	2	6
1019176	35	2	6
1019189	105	1	6
1019197	205	1	5
1019198	69	1	9
1019212	103	2	8
1019215	7	1	4
1019218	27	2	8
1019240	337	1	5
1019247	380	1	8
1019254	6	1	5
1019255	98	2	6
1019268	337	2	5
1019269	332	2	4
1019292	3	1	8
1019299	627	1	5
1019310	471	2	7
1019378	475	2	4
1019388	165	1	4
1019420	71	1	5
1019434	6	1	8
1019451	3	1	8
1019460	459	2	5
1019576	71	2	4
1019581	836	1	5
1019616	202	1	9
1019646	71	1	6
1019664	3	1	7
1019714	612	2	5
1019803	411	1	6
1019825	490	2	4
1019863	339	1	8
1019943	717	1	5
1019946	40	2	6
1020001	27	1	6
1020471	622	2	3
1020733	721	1	5
1020749	286	2	7
1020801	503	1	8
1020935	339	1	6
1020986	636	2	4
1021108	694	2	6
1021263	71	1	3
1021281	1066	1	5
1021383	71	2	4
1021963	91	2	4
1021997	1	2	6
1021998	8	2	3
1022001	3	2	6
1022003	154	2	5
1022131	286	1	5
1022450	3	2	7
1022553	3	1	7
1022562	84	2	4
1022563	848	2	4
1022565	849	1	4
1022570	1230	1	5
1022571	77	1	6
1022573	64	2	5
1022575	167	1	5
1022578	185	1	5
1022582	250	1	6
1022583	127	2	5
1022587	5	1	5
1022588	8	2	4
1022589	69	2	5
1022591	9	1	5
1022595	23	1	7
1022596	58	1	5
1022597	8	1	5
1022598	52	1	4
1022599	6	1	7
1022603	707	1	8
1022613	23	2	4
1022614	38	1	4
1022619	214	1	2
1022623	27	2	5
1022624	13	2	5
1022625	43	2	4
1022627	13	2	5
1022635	6	2	3
1022639	352	1	4
1022641	10	2	3
1022645	320	1	3
1022650	8	1	6
1022664	898	2	5
1022670	6	1	5
1022676	64	2	5
1022680	8	1	4
1022683	268	2	4
1022684	5	2	2
1022692	10	2	4
1022703	37	1	5
1022704	8	2	5
1022705	22	1	4
1022707	6	2	5
1022710	8	1	5
1022718	222	2	4
1022726	8	1	5
1022733	3	1	5
1022734	53	1	4
1022750	1097	1	5
1022756	105	1	5
1022760	23	1	4
1022762	182	1	5
1022764	34	1	6
1022795	483	2	4
1022803	70	1	5
1022808	6	1	5
1022810	37	1	3
1022815	8	2	9
1022822	13	1	5
1022827	1009	1	6
1022832	8	1	4
1022853	6	1	8
1022854	5	1	6
1022871	14	2	5
1022874	14	1	7
1022893	14	2	7
1022907	450	2	4
1022935	78	1	6
1022940	34	1	6
1022968	489	2	4
1022980	382	1	6
1022982	13	1	4
1022986	105	2	7
1022991	376	1	8
1022993	5	2	5
1022999	192	1	4
1023020	322	1	6
1023021	8	2	6
1023040	115	1	6
1023058	482	1	3
1023064	309	2	3
1023093	760	1	7
1023097	1020	2	6
1023103	330	1	6
1023112	3	2	7
1023140	760	1	6
1023142	6	1	6
1023146	15	1	6
1023150	43	1	4
1023151	613	2	3
1023159	587	2	4
1023171	44	1	5
1023183	141	1	8
1023192	71	1	3
1023196	49	2	9
1023204	13	2	6
1023219	8	1	5
1023228	998	1	5
1023255	79	1	5
1023260	3	1	8
1023271	52	1	5
1023279	291	1	6
1023280	563	2	5
1023281	144	1	5
1023330	206	1	4
1023338	164	1	4
1023344	187	1	5
1023473	6	1	3
1023587	347	2	3
1023607	144	1	4
1023627	349	2	4
1023672	6	1	4
1023812	400	1	5
1023814	342	1	8
1023857	37	1	5
1023864	640	2	3
1023876	413	2	5
1023887	174	1	8
1023963	963	1	6
1024080	419	1	3
1024141	71	1	3
1024153	71	1	5
1024295	612	1	7
1024308	340	1	6
1024442	847	1	6
1024775	342	2	5
1024802	153	1	7
1025048	24	1	5
1025061	44	2	3
1025108	15	2	3
1025130	12	1	6
1025132	3	1	7
1025133	26	2	2
1025135	86	2	3
1025137	15	1	3
1025145	15	1	4
1025146	115	1	5
1025147	1	1	5
1025151	371	2	4
1025152	1	2	6
1025156	425	2	5
1025174	57	2	4
1025176	13	1	5
1025179	913	2	4
1025183	9	2	4
1025188	58	1	4
1025195	254	2	6
1025196	6	1	3
1025200	173	1	6
1025202	43	1	6
1025204	8	2	6
1025206	103	1	6
1025207	6	1	6
1025209	26	1	6
1025213	27	1	5
1025215	27	2	6
1025217	14	1	6
1025219	8	1	7
1025223	12	2	5
1025224	357	1	5
1025229	1	1	4
1025232	6	1	6
1025242	27	2	5
1025245	8	1	8
1025252	105	1	7
1025253	34	1	7
1025254	8	2	6
1025258	248	1	4
1025260	6	2	5
1025263	380	1	6
1025264	1098	1	7
1025270	6	1	7
1025273	8	1	5
1025274	6	1	5
1025275	6	1	5
1025280	8	1	7
1025294	8	2	8
1025298	546	2	5
1025303	84	1	8
1025305	337	2	6
1025321	870	1	5
1025357	542	1	6
1025363	55	1	5
1025366	400	1	5
1025415	15	1	5
1025433	337	2	8
1025461	990	2	4
1025502	3	1	9
1025508	141	2	6
1025536	280	1	8
1025561	668	1	5
1025579	616	2	8
1025604	391	1	7
1025610	644	1	5
1025819	621	1	7
1025837	40	2	6
1025847	627	2	6
1025883	387	1	7
1025885	612	1	5
1026234	98	1	4
1026433	259	1	6
1026436	286	1	9
1026458	71	1	9
1026627	344	1	7
1026683	359	1	8
1027076	34	1	4
1027122	191	1	6
1027123	58	2	7
1027136	237	1	5
1027138	183	1	5
1027139	8	2	5
1027140	186	2	5
1027143	1	1	7
1027150	156	2	4
1027153	70	1	4
1027154	54	1	8
1027157	28	2	3
1027158	53	1	6
1027161	13	1	4
1027162	38	2	4
1027164	8	1	5
1027167	8	1	7
1027171	64	2	3
1027173	1	1	5
1027174	5	2	4
1027177	24	2	4
1027179	13	1	5
1027182	302	1	5
1027183	147	1	2
1027189	24	2	4
1027190	58	1	4
1027194	6	2	3
1027197	8	2	6
1027199	1117	2	5
1027204	211	1	6
1027205	6	1	5
1027207	27	2	6
1027210	8	2	3
1027217	144	1	4
1027226	151	1	4
1027227	10	2	5
1027228	70	1	6
1027236	12	2	3
1027238	12	1	5
1027241	55	2	3
1027242	9	2	2
1027248	9	1	3
1027252	8	2	3
1027256	27	2	4
1027257	294	1	4
1027261	3	2	8
1027280	13	1	5
1027282	8	1	2
1027285	13	1	2
1027295	27	1	5
1027297	5	2	5
1027304	34	1	5
1027316	1	1	6
1027317	8	1	4
1027322	620	2	3
1027329	58	1	4
1027343	6	1	4
1027352	55	1	6
1027355	104	1	7
1027381	13	1	5
1027392	43	2	5
1027393	5	1	7
1027414	14	2	6
1027416	27	1	8
1027425	131	1	6
1027430	6	1	6
1027442	54	1	6
1027461	9	1	2
1027472	8	1	7
1027483	71	1	7
1027494	54	1	5
1027502	15	1	4
1027504	1001	1	5
1027505	27	1	4
1027510	8	1	7
1027514	8	1	5
1027518	8	1	6
1027527	41	1	3
1027528	6	1	4
1027554	14	1	5
1027556	8	1	8
1027610	23	1	7
1027643	226	1	6
1027744	794	1	9
1027751	6	1	4
1027753	496	2	3
1027756	8	1	2
1027770	115	2	3
1027772	6	2	3
1027773	86	1	4
1027776	15	1	5
1027777	23	2	4
1027806	15	2	5
1027807	49	1	5
1027808	14	1	3
1027809	6	1	6
1027810	43	1	6
1027816	27	1	6
1027818	8	2	6
1027820	911	1	5
1027821	10	2	6
1027824	8	1	7
1027827	122	2	5
1027831	17	1	5
1027834	156	1	4
1027836	15	1	4
1027844	69	2	7
1027845	195	1	7
1027852	8	1	5
1027853	280	1	7
1027866	13	1	8
1027867	396	1	7
1027869	23	1	8
1027873	8	1	6
1027874	8	1	6
1027877	27	1	6
1027879	71	1	6
1027883	324	1	4
1027887	363	1	6
1027892	8	1	7
1027900	1	1	8
1027904	6	1	6
1027905	13	2	7
1027914	8	1	5
1027917	1123	2	6
1027923	8	1	5
1027924	53	1	7
1027926	6	2	6
1027942	94	1	8
1027945	491	1	6
1027957	822	1	5
1027963	9	1	7
1027972	843	1	7
1027973	909	1	5
1027984	52	1	6
1027990	98	2	6
1028007	418	1	5
1028012	333	2	8
1028024	1152	2	7
1028025	1090	2	5
1028044	6	1	7
1028066	1	2	5
1028076	638	2	3
1028097	1101	1	5
1028134	1151	1	6
1028139	737	2	4
1028163	1170	2	7
1028166	212	1	3
1028170	286	2	4
1028219	38	1	5
1028222	3	1	8
1028274	986	2	4
1028281	3	2	8
1028289	333	1	6
1028328	580	1	7
1028343	325	2	3
1028374	539	1	5
1028387	3	1	8
1028418	1033	1	7
1028435	400	1	4
1028444	723	1	7
1028490	501	2	6
1028508	71	2	3
1028511	832	1	9
1028513	167	1	8
1028519	3	1	4
1028552	972	1	5
1028581	437	1	8
1028596	396	2	4
1028616	13	1	4
1028668	749	1	7
1028680	932	2	5
1028736	241	1	6
1028743	3	1	5
1028755	3	1	7
1028801	43	1	5
1028806	500	1	6
1028828	694	1	5
1028855	80	1	5
1028918	6	1	5
1029037	344	1	5
1029047	3	1	8
1029119	620	2	5
1029250	340	1	4
1029312	71	1	4
1029321	309	1	6
1029349	324	1	5
1029504	71	2	8
1029512	628	1	5
1029564	40	2	8
1029568	71	2	3
1029590	674	2	4
1029600	71	2	8
1029914	71	1	8
1029983	71	1	2
1030201	324	1	4
1031177	69	2	3
1031196	3	1	7
1031216	1233	1	7
1031217	144	2	4
1031219	240	1	6
1031220	61	1	6
1031221	180	2	5
1031222	6	2	5
1031240	37	2	4
1031254	343	2	8
1031500	694	1	3
1031768	164	1	4
1031789	6	2	4
1031799	80	1	3
1031800	27	1	4
1031801	8	2	3
1031803	38	2	5
1031807	6	1	6
1031809	6	1	4
1031812	1	2	6
1031814	43	1	6
1031816	10	1	5
1031818	15	1	4
1031822	183	2	6
1031825	176	1	7
1031827	6	2	6
1031844	69	1	6
1031845	9	2	3
1031847	1019	1	6
1031849	49	1	7
1031850	6	2	2
1031851	8	1	6
1031852	13	1	4
1031857	8	2	6
1031860	8	1	4
1031862	1	1	5
1031864	102	1	5
1031865	108	1	4
1031866	118	1	7
1031868	103	1	5
1031871	6	2	7
1031872	13	1	6
1031874	49	1	6
1031875	105	2	7
1031876	3	1	6
1031877	105	1	4
1031878	180	1	5
1031881	64	2	3
1031884	69	1	8
1031885	14	2	6
1031888	27	2	5
1031890	27	1	6
1031892	9	1	7
1031898	43	2	5
1031903	8	1	7
1031904	53	1	5
1031912	18	1	6
1031914	58	1	6
1031919	8	1	5
1031921	1	1	5
1031922	52	2	4
1031925	8	1	5
1031931	842	1	5
1031935	8	1	8
1031938	8	1	5
1031940	6	1	4
1031941	5	1	4
1031946	8	1	6
1031947	27	1	4
1031954	16	1	5
1031955	6	1	4
1031959	202	1	4
1031961	8	1	5
1031962	55	1	5
1031963	91	2	5
1031968	150	1	4
1031969	38	1	5
1031977	34	1	3
1031994	95	1	6
1032021	371	1	7
1032029	5	1	5
1032034	13	1	9
1032036	1	2	7
1032038	8	1	7
1032043	8	1	8
1032052	488	1	6
1032069	5	1	4
1032079	13	1	5
1032080	13	1	3
1032081	8	1	9
1032084	8	1	6
1032085	10	1	5
1032087	1	1	5
1032093	6	1	7
1032094	27	1	8
1032111	103	1	3
1032115	6	2	4
1032117	8	1	5
1032118	43	1	6
1032119	14	1	5
1032120	1	1	4
1032122	920	1	4
1032127	422	1	3
1032130	125	1	6
1032144	8	1	5
1032161	13	2	8
1032169	13	1	3
1032176	1100	2	3
1032179	8	2	7
1032180	8	1	4
1032182	165	1	7
1032187	8	1	8
1032192	61	1	5
1032197	747	1	6
1032209	6	1	5
1032211	751	1	3
1032220	1218	2	6
1032222	1	1	8
1032228	1	1	3
1032238	1	1	7
1032246	8	1	7
1032250	6	2	3
1032283	416	1	6
1032289	27	1	5
1032290	6	2	7
1032302	243	2	8
1032304	855	1	6
1032309	5	1	4
1032311	14	1	7
1032312	9	1	6
1032335	187	2	6
1032342	8	2	7
1032344	55	2	4
1032352	24	1	4
1032358	10	1	5
1032368	8	1	8
1032382	439	1	4
1032384	78	1	5
1032385	10	1	4
1032396	6	1	5
1032398	13	1	6
1032416	13	1	8
1032419	337	2	5
1032421	414	1	7
1032456	55	1	8
1032476	1081	2	5
1032499	27	1	5
1032514	6	1	4
1032519	205	1	7
1032524	749	2	4
1032533	42	1	6
1032540	115	1	5
1032598	1	2	6
1032603	8	1	8
1032608	6	1	5
1032616	308	1	5
1032620	141	2	7
1032624	3	1	5
1032656	1065	2	4
1032666	1	1	7
1032687	155	2	4
1032694	123	1	6
1032699	3	1	7
1032704	98	2	3
1032706	314	1	4
1032711	3	2	5
1032736	1120	1	6
1032742	6	2	7
1032744	498	1	5
1032765	648	1	8
1032775	14	1	5
1032789	150	1	6
1032800	71	1	3
1032881	3	2	7
1032887	330	2	5
1032906	761	1	9
1032915	71	2	5
1032920	394	1	8
1032953	8	1	5
1032984	3	1	5
1032989	340	1	5
1033030	386	1	5
1033081	8	1	7
1033142	3	1	8
1033144	8	1	8
1033146	3	1	9
1033189	615	1	3
1033202	647	1	4
1033261	885	1	6
1033264	155	2	3
1033326	71	2	4
1033328	6	2	5
1033342	414	1	4
1033420	955	1	6
1033433	3	2	7
1033460	71	2	4
1033566	648	1	4
1033607	1	1	7
1033713	71	1	6
1033717	65	1	4
1033892	71	2	7
1034002	71	2	6
1034012	71	2	5
1034162	663	2	4
1034430	286	2	3
1034711	613	1	5
1034862	71	1	7
1034972	645	1	5
1035445	27	1	8
1035579	343	1	6
1035599	12	1	6
1035613	31	1	3
1035615	71	1	6
1035638	53	2	3
1035639	70	1	5
1035642	15	2	6
1035643	823	1	7
1035644	96	2	3
1035646	8	1	6
1035648	1	1	5
1035652	46	2	3
1035653	15	2	4
1035654	1024	2	4
1035655	663	2	3
1035656	13	1	3
1035664	3	1	8
1035673	6	2	4
1035674	43	1	4
1035676	43	1	5
1035715	71	2	4
1035745	71	1	6
1035784	345	1	7
1036199	155	1	5
1036300	174	1	4
1036306	8	1	4
1036313	6	1	7
1036319	8	2	4
1036320	141	1	4
1036321	55	1	9
1036322	13	2	4
1036326	5	1	6
1036328	8	2	5
1036342	61	1	6
1036348	27	2	6
1036349	15	1	4
1036352	31	2	3
1036353	170	1	5
1036357	8	2	5
1036367	6	2	5
1036372	8	1	10
1036377	3	1	5
1036383	6	1	5
1036384	8	1	6
1036393	31	2	5
1036395	8	1	5
1036397	1	1	7
1036399	9	1	5
1036401	53	1	6
1036402	16	1	5
1036404	8	2	8
1036407	37	2	8
1036412	20	1	3
1036414	52	1	7
1036415	52	1	5
1036416	10	2	5
1036419	9	2	4
1036420	3	2	5
1036422	53	2	6
1036424	8	1	5
1036425	16	1	3
1036426	52	2	5
1036428	8	1	5
1036429	8	2	5
1036430	127	2	5
1036434	105	1	6
1036438	55	1	7
1036440	8	1	6
1036443	9	2	4
1036444	37	1	7
1036445	13	1	3
1036447	832	2	4
1036448	205	2	5
1036456	6	1	7
1036458	91	2	5
1036459	268	2	5
1036470	337	1	3
1036471	22	2	5
1036474	27	1	5
1036475	8	1	6
1036481	27	1	7
1036484	22	1	5
1036492	6	1	3
1036495	27	2	5
1036497	319	1	4
1036498	22	1	6
1036516	13	2	3
1036519	22	1	5
1036520	5	2	6
1036523	27	1	5
1036525	13	1	7
1036526	54	2	7
1036533	6	1	6
1036539	14	2	7
1036548	13	2	9
1036550	8	1	5
1036555	27	2	4
1036559	13	1	6
1036569	14	1	5
1036576	8	1	6
1036579	1130	1	4
1036581	842	1	4
1036582	55	2	5
1036587	19	2	5
1036590	151	2	4
1036600	55	2	4
1036604	43	2	6
1036606	122	2	8
1036608	227	1	5
1036619	71	2	8
1036630	343	1	4
1036637	112	1	5
1036643	173	2	3
1036655	5	1	6
1036660	8	2	9
1036682	1199	1	5
1036687	12	1	6
1036696	43	1	4
1036700	8	1	4
1036706	244	1	7
1036712	831	1	3
1036724	13	2	7
1036725	995	2	5
1036728	322	2	6
1036730	1131	1	7
1036737	59	2	3
1036744	55	1	4
1036749	241	1	6
1036753	164	1	5
1036756	1	1	5
1036761	870	1	7
1036789	6	1	8
1036797	13	1	6
1036817	372	2	3
1036821	144	2	7
1036828	6	1	6
1036844	44	2	5
1036845	373	1	3
1036849	3	1	6
1036852	805	1	9
1036890	59	1	5
1036894	1	1	6
1036897	8	1	7
1036905	110	2	5
1036919	8	1	6
1036931	818	1	5
1036939	439	2	5
1036956	31	2	7
1036962	34	1	5
1036987	6	1	7
1037024	59	1	7
1037027	11	2	7
1037028	344	1	4
1037029	8	1	7
1037053	615	1	8
1037110	103	1	5
1037141	561	1	6
1037147	3	1	5
1037169	3	2	3
1037187	424	2	4
1037191	9	1	7
1037204	214	2	4
1037235	18	1	5
1037237	497	2	5
1037245	98	2	6
1037274	123	2	6
1037299	14	1	8
1037302	10	1	8
1037309	1056	2	6
1037318	8	1	5
1037343	3	2	8
1037359	103	1	6
1037367	3	2	5
1037432	71	1	6
1037448	13	1	5
1037483	141	1	3
1037492	1012	2	6
1037529	650	2	4
1037530	623	2	4
1037552	123	1	5
1037559	621	2	6
1037587	1013	1	7
1037635	349	2	6
1037638	54	1	3
1037648	155	2	8
1037656	472	1	8
1037678	286	2	4
1037679	71	1	6
1037719	42	1	8
1037769	880	1	5
1037854	339	1	5
1037859	612	1	4
1037864	943	2	5
1037962	339	2	11
1038001	71	1	5
1038064	147	2	7
1038120	3	1	6
1038207	71	2	4
1038325	35	1	5
1038553	1111	1	5
1038560	644	1	5
1038561	71	2	5
1038585	71	1	6
1038695	1089	1	5
1038995	348	1	8
1039227	286	1	7
1039300	622	1	6
1039341	666	1	6
1039379	630	1	6
1039391	71	1	5
1039550	71	2	8
1039597	71	2	5
1040352	346	1	5
1040471	337	1	6
1040498	6	1	4
1040500	52	1	5
1040502	15	1	4
1040505	53	1	5
1040506	375	2	3
1040508	236	1	6
1040509	8	1	5
1040510	13	1	3
1040511	23	1	5
1040512	43	1	4
1040514	176	1	4
1040515	53	1	6
1040517	8	1	6
1040518	23	2	4
1040519	6	1	5
1040521	13	1	5
1040522	10	2	5
1040523	291	2	5
1040528	27	2	5
1040529	104	1	5
1040531	65	1	7
1040535	8	1	3
1040539	6	2	5
1040542	15	1	5
1040543	3	2	5
1040552	27	2	6
1040558	6	1	2
1040559	11	2	6
1040560	78	1	4
1040563	16	1	4
1040567	105	1	5
1040569	8	1	5
1040570	8	2	5
1040571	6	2	6
1040572	109	2	6
1040573	6	1	5
1040578	27	2	4
1040580	8	2	4
1040585	6	1	5
1040589	323	2	4
1040592	12	1	5
1040596	1	1	4
1040607	8	1	4
1040615	13	2	5
1040617	64	1	4
1040621	13	1	6
1040624	8	1	5
1040629	84	1	3
1040630	159	1	7
1040636	174	2	4
1040642	8	1	5
1040654	8	1	4
1040657	287	1	4
1040669	43	1	4
1040672	70	1	5
1040679	299	1	5
1040694	94	1	5
1040702	8	1	8
1040712	1	1	3
1040719	8	1	5
1040757	52	1	5
1040762	8	1	6
1040776	6	1	3
1040796	1171	2	5
1040805	197	1	7
1040817	59	1	4
1040828	43	2	5
1040831	297	1	5
1040841	1198	1	4
1040842	37	2	4
1040846	161	1	3
1040847	14	1	6
1040851	3	2	3
1040856	20	1	5
1040857	31	1	5
1040863	8	1	6
1040865	1133	2	3
1040867	166	2	7
1040887	71	2	4
1040946	648	1	8
1040982	127	2	3
1040983	73	2	2
1040986	286	1	4
1040993	55	1	3
1040996	1	1	6
1040997	183	1	7
1040998	6	1	3
1040999	231	1	4
1041001	193	2	4
1041012	300	2	5
1041013	27	1	6
1041015	181	2	4
1041018	95	2	3
1041020	8	1	5
1041021	106	1	6
1041022	13	2	3
1041027	8	2	4
1041028	306	1	4
1041043	106	2	4
1041081	41	2	8
1041102	112	2	3
1041107	49	2	7
1041109	31	2	4
1041112	6	2	7
1041113	14	2	5
1041114	8	1	7
1041115	8	1	5
1041116	23	2	4
1041117	1134	1	5
1041120	8	2	6
1041121	5	1	5
1041122	11	2	4
1041123	171	1	4
1041124	6	2	6
1041125	41	1	4
1041126	162	1	5
1041127	6	2	6
1041131	8	2	5
1041134	34	2	6
1041135	26	1	6
1041136	9	1	6
1041137	1	1	8
1041139	34	2	6
1041143	27	1	7
1041144	5	1	6
1041145	82	2	4
1041150	6	1	6
1041153	105	2	4
1041158	94	1	4
1041159	69	2	6
1041161	6	2	6
1041174	430	1	8
1041175	16	2	3
1041179	15	1	7
1041180	55	1	5
1041181	6	1	5
1041182	279	1	7
1041195	69	1	9
1041196	10	1	6
1041201	52	1	6
1041210	8	1	8
1041216	26	1	6
1041217	1	1	6
1041218	43	1	5
1041223	55	1	6
1041224	13	1	5
1041227	141	1	6
1041237	1	1	7
1041245	8	2	7
1041246	52	1	5
1041247	8	1	7
1041252	379	2	5
1041257	1131	2	5
1041259	8	1	6
1041267	52	1	7
1041272	3	1	8
1041298	1	2	6
1041302	6	1	6
1041306	439	1	8
1041320	106	2	6
1041341	24	1	7
1041369	401	2	5
1041371	71	1	4
1041403	1	1	6
1041439	13	1	5
1041442	78	1	5
1041445	277	2	5
1041447	231	1	2
1041456	27	1	6
1041463	8	2	7
1041469	458	2	5
1041479	408	1	6
1041499	6	1	5
1041506	84	1	7
1041509	103	1	6
1041520	8	1	6
1041539	265	1	4
1041547	312	1	6
1041554	960	1	8
1041576	144	1	7
1041627	530	1	5
1041649	528	1	5
1041652	12	1	5
1041660	1156	1	6
1041685	666	1	5
1041713	103	2	6
1041721	3	1	9
1041742	636	1	7
1041754	6	1	6
1041763	3	2	5
1041791	621	1	6
1041792	3	1	8
1041853	580	1	5
1041880	78	1	8
1041892	71	1	3
1041908	623	1	6
1041930	493	1	7
1041957	546	1	6
1041965	14	1	5
1041968	155	1	7
1041978	3	1	6
1042030	3	1	8
1042056	577	1	7
1042168	71	1	7
1042174	417	1	5
1042205	620	2	7
1042245	71	2	4
1042262	3	1	5
1042377	13	1	7
1042437	3	1	9
1042665	464	1	7
1042693	344	1	5
1042740	71	1	7
1042761	620	1	7
1042777	71	2	3
1042898	144	1	2
1043101	41	1	3
1043125	1175	1	8
1043383	71	2	6
1043635	71	2	3
1043994	663	1	7
1044211	633	1	9
1044673	71	2	9
1044702	50	2	3
1044707	15	1	4
1044709	55	1	5
1044715	8	1	5
1044717	8	2	4
1044721	6	1	7
1044724	8	1	5
1044728	6	1	5
1044729	1031	2	4
1044732	43	1	5
1044733	8	1	5
1044737	842	2	6
1044751	339	2	8
1044796	71	1	5
1044868	8	2	4
1044877	15	2	3
1044878	5	1	4
1044880	4	1	5
1044881	54	1	7
1044886	13	1	3
1044890	31	2	3
1044895	21	1	4
1044899	1214	1	6
1044900	6	1	5
1044903	6	1	3
1044904	6	2	7
1044910	37	1	4
1044923	8	1	3
1044925	164	1	4
1044928	9	1	3
1044930	314	2	5
1044935	165	2	4
1044937	103	2	4
1044944	162	2	3
1044947	23	2	3
1044949	98	1	4
1044952	106	1	4
1044953	383	2	6
1044955	5	1	4
1044961	54	1	5
1044962	23	2	3
1044972	281	2	6
1044973	396	1	4
1044979	27	1	4
1044985	5	1	5
1044988	41	2	5
1044989	13	2	5
1044990	16	1	2
1044998	65	2	4
1045004	3	2	6
1045007	287	2	5
1045009	23	2	3
1045011	1	2	5
1045026	412	2	4
1045028	15	2	4
1045032	8	1	5
1045036	24	2	5
1045043	105	2	4
1045054	144	1	5
1045065	27	2	3
1045070	3	1	6
1045097	37	1	7
1045103	3	1	5
1045106	38	1	5
1045113	3	1	4
1045125	874	1	6
1045129	37	2	5
1045130	16	1	3
1045146	37	1	7
1045155	3	2	7
1045160	55	1	4
1045177	910	1	5
1045192	13	2	3
1045207	305	1	6
1045214	76	1	5
1045234	1	1	5
1045237	413	1	5
1045247	22	1	6
1045248	43	1	5
1045252	125	1	6
1045258	730	2	4
1045271	1120	1	6
1045279	401	1	5
1045284	888	1	3
1045298	144	1	8
1045320	64	1	4
1045330	3	1	8
1045346	141	1	6
1045382	13	1	6
1045422	42	1	5
1045423	976	1	4
1045427	507	1	5
1045461	721	1	5
1045484	3	2	4
1045485	400	2	5
1045505	229	1	4
1045516	3	2	5
1045533	3	1	6
1045554	15	2	6
1045572	294	1	6
1045589	38	1	5
1045604	13	1	3
1045691	71	2	3
1045705	43	1	8
1045787	286	2	4
1045790	95	1	5
1045796	451	2	8
1045811	340	2	6
1045925	633	1	8
1045927	615	1	5
1045934	155	1	7
1045976	176	1	4
1046078	37	1	7
1046091	644	1	7
1046204	634	1	8
1046240	394	1	6
1046243	286	2	5
1046352	286	2	4
1046397	9	1	5
1046426	678	2	4
1046471	71	1	7
1046761	71	2	5
1047121	394	2	5
1047880	122	2	4
1047905	65	1	4
1047960	16	1	4
1047972	6	1	5
1047974	8	2	5
1047980	156	1	8
1047981	8	2	4
1047986	581	2	5
1047988	73	2	5
1047992	39	1	4
1047993	23	2	2
1047994	57	1	7
1047996	8	1	7
1047997	15	1	4
1048000	324	1	4
1048002	29	1	4
1048021	153	1	5
1048023	69	1	4
1048025	43	1	5
1048027	8	2	3
1048121	6	1	4
1048124	43	2	3
1048127	204	1	4
1048128	64	2	6
1048130	59	2	8
1048131	8	1	8
1048139	8	2	7
1048140	8	1	8
1048143	104	1	6
1048144	8	1	5
1048145	27	1	7
1048147	1210	1	7
1048152	148	2	4
1048157	14	1	6
1048158	244	2	6
1048162	13	1	7
1048166	69	1	5
1048170	43	1	4
1048171	55	1	4
1048175	8	1	6
1048179	172	1	5
1048180	8	1	8
1048183	8	1	6
1048185	13	2	7
1048187	165	1	5
1048191	33	2	7
1048203	6	1	8
1048206	14	1	5
1048209	1	1	7
1048210	8	2	7
1048221	23	1	8
1048222	8	1	7
1048223	53	1	7
1048230	22	1	6
1048232	52	2	8
1048238	5	2	8
1048244	14	1	7
1048262	3	2	7
1048263	400	1	7
1048271	40	1	8
1048276	403	2	4
1048281	3	1	6
1048289	27	1	8
1048308	3	1	6
1048315	431	1	6
1048321	151	1	5
1048327	8	1	7
1048328	229	1	7
1048334	386	2	6
1048335	1	1	8
1048359	98	1	5
1048363	174	1	5
1048370	262	2	8
1048377	14	2	6
1048414	378	1	5
1048415	392	1	7
1048418	13	1	8
1048419	1146	1	8
1048421	71	2	5
1048435	44	1	8
1048449	448	2	7
1048462	804	1	8
1048542	344	1	8
1048572	309	2	4
1048583	630	2	6
1048606	38	1	6
1049009	71	2	8
1049467	263	1	4
1049484	1096	1	5
1049486	14	1	6
1049487	22	2	5
1049490	8	1	5
1049495	9	2	4
1049497	34	2	3
1049500	13	1	6
1049503	23	1	4
1049508	14	1	3
1049512	27	2	5
1049518	173	1	4
1049519	6	2	6
1049524	23	2	4
1049525	61	1	7
1049526	1134	1	6
1049547	68	1	7
1049548	1	2	3
1049549	365	1	6
1049550	6	1	4
1049554	52	1	5
1049557	5	1	6
1049559	206	2	8
1049560	106	1	5
1049561	52	1	4
1049563	27	1	6
1049567	52	1	8
1049575	43	2	4
1049577	13	1	3
1049580	34	2	5
1049585	34	1	8
1049588	123	2	4
1049589	13	1	4
1049594	237	1	8
1049595	754	1	5
1049597	9	2	5
1049600	13	1	4
1049605	41	2	7
1049608	8	2	5
1049610	15	2	4
1049612	244	1	4
1049615	1131	1	5
1049616	8	1	4
1049619	150	1	5
1049622	6	2	7
1049623	8	1	6
1049634	27	1	6
1049635	44	2	4
1049637	8	1	8
1049639	255	1	6
1049652	151	1	4
1049654	17	1	6
1049658	8	1	8
1049660	27	2	5
1049662	144	2	4
1049667	12	2	7
1049668	17	1	4
1049669	31	1	5
1049670	18	1	5
1049673	27	2	3
1049679	22	1	4
1049680	8	2	5
1049686	27	1	7
1049700	1	1	5
1049706	257	1	4
1049711	8	2	4
1049716	14	1	6
1049725	84	1	5
1049734	291	2	4
1049754	6	2	7
1049757	8	1	6
1049759	105	1	5
1049775	13	1	5
1049776	486	1	4
1049779	34	1	8
1049789	9	1	3
1049793	179	1	2
1049804	8	1	6
1049805	165	1	6
1049807	251	1	6
1049815	122	1	5
1049827	8	1	6
1049830	23	1	4
1049842	8	1	8
1049843	8	2	6
1049845	8	1	6
1049855	16	2	4
1049868	16	2	4
1049871	6	2	5
1049882	6	1	6
1049896	14	1	5
1049908	12	1	5
1049915	1	1	5
1049925	37	1	5
1049931	12	1	7
1049935	1	1	8
1049937	206	1	5
1049938	104	2	8
1049939	6	1	7
1049944	144	1	9
1049946	6	1	4
1049963	548	2	9
1049978	13	1	6
1049987	1017	1	4
1049990	370	1	4
1049996	65	2	6
1050008	99	2	6
1050013	10	1	6
1050014	71	1	4
1050032	98	2	7
1050036	6	2	3
1050067	842	1	6
1050078	78	1	6
1050080	43	1	4
1050086	383	1	7
1050091	195	1	4
1050093	249	1	8
1050111	27	1	5
1050118	23	2	3
1050119	974	1	5
1050128	157	1	5
1050137	165	1	7
1050142	10	1	5
1050155	55	1	6
1050158	105	1	4
1050159	6	2	4
1050171	262	1	7
1050177	3	2	4
1050182	59	1	6
1050210	3	1	6
1050223	271	1	4
1050225	84	1	5
1050226	98	2	4
1050232	122	2	6
1050261	44	1	7
1050264	3	1	6
1050270	8	1	4
1050272	8	1	2
1050279	8	1	5
1050312	3	1	6
1050317	44	2	4
1050331	8	1	5
1050334	141	1	7
1050342	103	2	5
1050374	984	1	6
1050410	8	1	7
1050430	114	2	4
1050431	562	1	6
1050439	437	2	7
1050452	103	2	5
1050468	3	1	4
1050480	13	1	5
1050489	164	1	5
1050492	71	1	3
1050495	71	1	4
1050524	1	1	8
1050530	8	1	5
1050580	272	1	4
1050585	71	1	7
1050591	3	1	7
1050639	55	1	6
1050669	926	1	7
1050774	71	1	5
1050791	71	1	3
1050803	337	1	4
1050811	533	1	7
1050817	71	2	3
1050821	1	1	7
1050908	633	1	7
1050911	3	2	7
1050981	71	1	4
1051049	71	2	4
1051106	3	1	4
1051116	1207	1	5
1051134	141	2	6
1051160	820	1	9
1051210	27	1	5
1051228	71	2	3
1051249	615	1	6
1051295	106	2	7
1051307	262	1	9
1051337	1130	1	5
1051523	612	1	6
1051526	114	1	5
1051674	340	1	5
1051681	476	2	3
1051724	341	2	4
1051741	664	2	6
1051793	71	1	6
1051952	71	2	5
1052118	1142	1	3
1052447	286	1	5
1052496	71	2	7
1052617	364	2	6
1052641	408	1	9
1052814	259	1	6
1052818	61	2	6
1052932	615	1	6
1053504	106	1	3
1053558	34	2	4
1053560	57	1	5
1053566	164	1	4
1053567	57	1	5
1053569	8	2	7
1053572	8	2	5
1053574	8	1	7
1053575	13	1	5
1053577	6	1	5
1053578	3	1	5
1053579	71	2	3
1053580	12	1	5
1053582	8	2	4
1053586	14	2	3
1053587	55	2	4
1053592	1131	1	8
1053617	15	1	8
1053620	120	1	7
1053623	310	1	4
1053825	621	2	5
1054154	10	2	4
1054157	8	1	6
1054221	31	2	3
1054225	34	1	7
1054259	189	1	7
1054274	34	1	8
1054275	8	1	7
1054279	71	1	7
1054303	230	1	6
1054348	125	2	9
1054351	3	1	6
1054388	6	1	5
1054390	13	2	7
1054391	180	1	5
1054392	8	2	7
1054393	1	1	7
1054395	125	1	3
1054396	77	1	7
1054399	8	2	4
1054400	58	1	5
1054402	470	1	7
1054403	182	1	5
1054404	1	1	6
1054405	202	1	6
1054407	340	1	6
1054408	49	1	7
1054409	8	1	6
1054410	1	1	8
1054412	8	1	5
1054414	100	1	5
1054416	1	1	8
1054417	15	1	4
1054418	57	2	5
1054419	37	1	8
1054422	15	2	4
1054425	8	1	7
1054426	5	1	6
1054427	6	1	8
1054430	8	1	8
1054431	8	1	6
1054432	5	1	6
1054434	42	1	8
1054435	8	1	5
1054436	6	1	9
1054437	5	2	7
1054440	34	1	7
1054442	38	2	5
1054443	43	1	5
1054445	8	1	7
1054446	132	2	4
1054447	15	2	4
1054448	742	2	3
1054450	6	1	6
1054451	8	1	8
1054453	62	2	3
1054454	224	2	3
1054455	15	1	5
1054456	215	1	5
1054457	134	1	7
1054464	224	1	6
1054474	15	1	8
1054508	102	1	7
1054509	13	1	8
1054511	3	2	7
1054512	23	2	4
1054514	1	2	6
1054515	3	2	6
1054517	156	1	6
1054518	518	1	6
1054520	8	1	6
1054521	6	1	6
1054524	13	1	5
1054525	15	2	4
1054527	15	1	6
1054528	5	1	8
1054532	26	2	5
1054534	122	1	8
1054580	8	1	5
1054632	55	2	4
1054633	291	1	5
1054689	27	2	6
1054701	61	1	5
1054706	8	2	4
1054721	43	1	7
1054731	6	2	4
1054749	8	1	7
1054762	8	2	7
1054793	803	1	6
1054816	103	1	5
1054899	64	2	6
1054910	44	2	4
1054975	23	1	7
1054984	59	2	4
1055038	27	2	6
1055039	6	1	6
1055049	344	1	8
1055064	8	1	7
1055068	223	2	6
1055100	8	1	5
1055101	27	2	5
1055110	243	2	5
1055126	283	1	7
1055150	8	1	7
1055152	6	2	5
1055178	43	1	5
1055186	102	1	7
1055191	70	1	5
1055198	23	2	9
1055213	203	1	7
1055219	44	1	6
1055223	14	1	6
1055231	6	1	5
1055246	162	1	7
1055315	322	1	5
1055318	337	1	8
1055353	13	1	8
1055408	27	1	5
1055422	14	2	8
1055424	12	2	4
1055453	164	2	7
1055468	6	2	5
1055489	3	1	9
1055519	8	1	6
1055522	89	1	5
1055526	53	2	7
1055527	13	2	5
1055545	55	1	6
1055549	147	1	4
1055572	44	1	6
1055607	49	1	6
1055608	6	1	4
1055611	11	2	7
1055662	104	2	4
1055683	70	2	6
1055697	14	1	6
1055726	23	2	7
1055750	6	1	6
1055762	8	2	5
1055770	103	1	5
1055782	38	2	7
1055787	8	1	6
1055813	23	2	5
1055842	13	1	4
1055909	13	1	6
1055928	27	1	5
1055930	37	1	7
1055953	291	1	8
1055964	3	2	8
1055965	16	2	5
1055975	8	1	6
1056007	104	1	6
1056021	8	2	7
1056045	55	1	5
1056058	42	2	5
1056104	8	2	5
1056107	6	1	5
1056126	55	1	6
1056141	22	2	7
1056148	82	2	6
1056186	144	2	6
1056371	8	2	6
1056635	71	2	7
1056660	8	1	6
1056809	8	1	5
1056872	23	1	7
1056883	53	1	7
1057617	396	1	5
1057639	6	1	6
1057911	1	1	5
1058076	8	1	6
1058140	66	1	5
1058297	13	1	7
1058500	6	1	8
1058502	8	1	7
1058568	52	1	5
1058624	340	2	5
1058651	91	1	5
1058949	103	1	4
1059406	12	1	5
1059549	3	1	7
1059553	71	2	5
1059737	55	1	4
1059749	44	1	4
1059768	248	1	6
1060106	3	2	8
1060232	1138	1	7
1060255	3	2	5
1060305	43	1	7
1060356	34	1	9
1060541	16	2	4
1060641	13	2	4
1060658	6	1	4
1060698	396	1	5
1060757	13	1	5
1060947	156	1	6
1060981	22	2	5
1061147	49	1	7
1061281	27	1	5
1061300	3	1	10
1061460	22	1	7
1061528	33	1	5
1061700	55	2	6
1061859	103	1	5
1062210	250	2	8
1062409	16	1	3
1062420	6	2	4
1062759	103	2	4
1062848	6	2	6
1062919	578	1	5
1063075	141	1	8
1063450	10	2	4
1063548	8	1	8
1063624	13	1	7
1063816	483	1	4
1063854	64	1	6
1063864	8	1	7
1063936	3	1	8
1064164	15	1	5
1064258	27	1	5
1064384	239	1	5
1064734	3	1	8
1064796	3	1	8
1064965	1	1	5
1065335	3	1	7
1065424	659	1	6
1065621	10	1	6
1065701	55	1	5
1065708	6	2	5
1065883	43	1	5
1066026	724	1	5
1066351	58	1	6
1066370	29	1	4
1066425	746	1	7
1066545	217	1	4
1066625	103	2	7
1066674	103	2	7
1066718	837	1	7
1067015	692	1	7
1067049	226	2	4
1067187	437	1	8
1067224	217	1	5
1067320	1	1	7
1067330	187	2	6
1067571	438	1	8
1068083	6	1	5
1068103	34	1	5
1068162	24	1	9
1068328	3	2	9
1068389	8	1	8
1068427	8	1	4
1068577	400	2	7
1069192	6	2	4
1069211	8	2	5
1069221	168	1	4
1069312	36	1	4
1069449	1227	1	6
1069501	20	1	7
1069893	8	2	9
1069989	173	1	6
1070093	868	1	8
1070535	84	1	8
1070562	13	1	6
1070659	36	1	6
1070690	6	1	5
1070990	194	1	4
1071013	27	1	6
1071279	58	1	5
1071302	59	2	5
1071529	13	1	5
1071934	37	1	6
1072220	26	1	6
1072391	6	1	7
1072670	55	1	6
1072681	15	1	4
1072855	23	2	5
1072872	98	1	7
1072924	8	1	5
1073028	3	1	9
1073503	23	1	6
1073640	324	1	6
1073692	43	1	5
1073832	37	2	4
1074193	37	1	6
1074207	22	1	6
1074257	84	1	6
1074259	3	2	4
1074472	95	2	6
1074490	41	1	7
1074877	8	1	3
1075180	3	2	7
1075239	1	1	4
1075298	6	1	7
1075354	164	1	4
1075561	73	1	4
1075745	6	1	6
1075760	280	1	5
1075880	6	1	7
1076003	1	1	4
1076010	37	1	6
1076076	211	1	4
1076078	8	1	9
1076111	5	1	5
1076114	103	1	5
1076116	878	2	5
1076219	13	1	8
1076221	27	2	4
1076291	3	1	5
1076304	52	2	8
1076533	37	1	5
1076545	13	1	7
1076665	572	1	4
1076679	403	2	6
1076765	1	1	7
1076814	5	1	5
1076901	771	2	6
1077486	324	2	4
1077505	8	1	6
1077918	23	1	4
1077984	23	2	7
1078006	12	1	5
1078237	166	1	4
1078242	42	1	4
1078253	588	1	8
1078472	453	2	7
1078528	103	1	5
1078633	94	1	4
1078835	42	1	5
1078904	8	2	5
1078918	6	1	7
1078956	52	1	7
1078960	55	2	4
1078980	94	1	6
1079252	22	2	7
1079313	66	1	7
1079481	14	2	7
1079545	14	1	7
1079915	13	1	8
1080079	6	1	6
1080199	141	2	9
1080215	222	2	4
1080248	8	2	5
1080272	760	1	5
1080320	6	1	6
1080433	8	1	4
1080463	71	1	5
1080553	514	2	7
1080812	150	2	6
1080816	311	1	8
1080918	1112	1	6
1081024	69	1	7
1081105	143	2	3
1081315	44	2	6
1081446	814	1	5
1081485	13	1	8
1081567	842	1	8
1081771	8	1	5
1081902	40	1	7
1081942	37	2	7
1082024	6	1	6
1082040	1	1	5
1082160	27	1	6
1082366	95	1	8
1082395	6	1	5
1082431	43	2	4
1082655	3	1	7
1082699	13	2	3
1082725	3	1	7
1082821	6	1	5
1083331	103	1	8
1083432	546	1	9
1083562	23	2	7
1083798	27	1	4
1083884	623	2	5
1084208	8	1	9
1084231	481	1	6
1084255	54	1	4
1084387	91	1	7
1084456	3	1	7
1084626	8	1	4
1084726	250	1	6
1084848	5	1	4
1085042	13	1	6
1085052	38	2	6
1085331	8	2	7
1085476	291	1	6
1085706	460	1	7
1085762	82	2	4
1085884	709	2	5
1085963	21	1	5
1086016	82	1	7
1086227	939	2	6
1086244	52	2	4
1086275	512	1	7
1086331	27	1	7
1086522	6	2	4
1086542	28	1	5
1086571	105	1	4
1086666	383	2	8
1086678	3	1	6
1086714	43	1	5
1086738	13	1	8
1086959	1219	1	6
1087029	66	1	6
1087098	6	1	4
1087254	235	1	5
1087288	8	1	10
1087784	540	1	7
1087882	291	1	9
1087991	23	1	4
1088308	186	2	6
1088325	199	2	4
1088714	229	1	5
1088740	1	2	4
1088768	8	1	7
1088890	353	1	3
1089202	211	1	7
1089339	23	1	6
1089373	8	1	5
1089381	22	2	5
1089825	3	2	7
1089839	8	1	5
1090262	23	2	7
1090264	1139	1	5
1090465	147	2	7
1090728	49	1	7
1090834	155	1	6
1090869	23	1	5
1091100	6	1	5
1091161	9	2	5
1091296	5	2	6
1091375	103	1	5
1091468	206	2	7
1091477	177	1	7
1091607	3	1	6
1091620	3	2	8
1091839	59	1	6
1092739	6	1	6
1092956	1	1	5
1093003	144	1	5
1093015	37	1	5
1093594	22	1	7
1093702	557	1	4
1093706	732	2	7
1094414	228	1	5
1094507	23	1	8
1094640	1016	1	6
1094981	167	1	7
1095073	31	2	5
1095106	402	2	4
1095341	290	1	9
1095360	5	2	8
1095403	58	2	4
1095563	6	1	6
1095589	6	1	3
1095632	94	2	7
1095706	10	2	8
1095943	8	2	5
1095952	1	2	5
1096647	14	1	5
1096871	620	1	6
1096925	3	2	7
1097071	6	1	5
1097305	6	1	5
1097322	78	2	9
1097421	1015	1	6
1097726	8	1	5
1097882	13	1	7
1097944	985	1	4
1098077	448	1	9
1098173	264	1	5
1098360	286	1	4
1098380	71	1	5
1098533	639	2	4
1098551	20	1	4
1098575	8	1	3
1099260	28	1	7
1099345	112	2	7
1099505	229	1	4
1099660	1	1	5
1099687	1016	2	4
1099726	14	1	5
1099904	1010	1	8
1100150	109	2	6
1100321	8	1	5
1100330	1	1	4
1100406	933	2	5
1100502	189	2	7
1100584	28	1	7
1100644	979	1	6
1100688	1	1	8
1100751	8	1	7
1100849	96	1	6
1101023	8	1	4
1101107	103	2	6
1101199	53	1	6
1101207	1	1	5
1101245	5	1	4
1101427	6	1	6
1101481	133	1	7
1101638	98	1	4
1101703	6	1	3
1102232	23	1	6
1102305	1	1	6
1102505	48	2	4
1102702	55	1	5
1102708	70	1	8
1102720	8	1	7
1102728	44	2	6
1103253	38	1	7
1103381	105	2	6
1103525	495	1	4
1103688	3	2	3
1103753	8	1	7
1103776	6	1	3
1103908	151	1	6
1103928	3	2	8
1103952	267	1	5
1104077	71	1	5
1104269	20	1	8
1104745	8	2	5
1104756	34	2	3
1104935	236	2	5
1105073	37	1	6
1105074	15	1	3
1105107	414	1	6
1105108	48	1	5
1105112	6	2	5
1105193	1	1	7
1105209	457	2	8
1105321	927	2	4
1105435	8	1	7
1105600	156	1	3
1105724	259	1	5
1106056	238	1	7
1106152	1	1	7
1106157	796	1	9
1106214	176	2	8
1106360	8	2	6
1106554	840	1	6
1106631	236	1	5
1106682	1	2	9
1107195	37	1	5
1107291	23	2	3
1107320	6	1	3
1107699	324	2	5
1107737	147	1	6
1107884	33	1	5
1108075	8	1	5
1108087	6	2	5
1108116	660	1	7
1108474	103	1	6
1108618	103	1	7
1108666	13	1	5
1108787	16	1	4
1108845	16	1	8
1108861	295	1	5
1108969	125	1	5
1108979	27	1	6
1109212	55	1	3
1109393	870	2	4
1109402	16	2	3
1109531	1	1	6
1109696	182	2	3
1109743	178	2	7
1109853	6	1	7
1109874	6	2	6
1109958	69	1	9
1110005	978	2	5
1110175	34	1	5
1110217	103	1	5
1110229	1051	1	7
1110360	26	1	5
1110391	41	2	6
1110461	27	2	6
1110549	6	1	6
1110679	28	1	4
1110719	755	1	6
1110733	1020	1	4
1110782	266	1	5
1111126	8	2	4
1111142	37	2	5
1111282	628	1	5
1111377	37	1	5
1111439	34	1	8
1111461	8	1	7
1111492	8	1	6
1111509	8	1	6
1111584	6	1	3
1111800	13	2	6
1111870	6	1	8
1111919	8	1	7
1112014	6	1	5
1112143	459	1	10
1112395	144	1	5
1112404	6	1	5
1112421	396	2	3
1112478	13	2	6
1112547	12	1	5
1112874	8	2	4
1112885	103	1	4
1113019	6	1	3
1113030	34	1	5
1113132	141	1	8
1113359	1141	1	4
1113384	34	1	6
1113403	43	2	4
1113455	103	1	6
1113456	8	1	5
1113488	8	1	5
1113553	101	1	4
1113699	202	2	8
1113911	15	1	7
1114475	37	1	9
1114521	5	1	5
1114635	340	1	5
1114886	18	2	6
1114927	8	2	7
1115110	206	1	7
1115135	18	2	5
1116054	64	2	5
1116394	78	1	8
1116412	52	1	6
1116502	923	2	9
1116510	27	1	5
1116519	120	1	4
1116537	8	1	6
1116758	155	1	6
1116798	3	1	3
1116887	93	2	6
1117218	1047	1	6
1117279	16	1	6
1117403	313	1	7
1117418	421	1	7
1117608	60	1	6
1118033	8	1	5
1118065	103	1	4
1118549	21	1	5
1118847	379	1	8
1119078	590	2	9
1119279	515	1	4
1119403	66	1	4
1119671	332	1	7
1119820	5	2	5
1120042	13	1	6
1120070	237	2	8
1120240	6	1	8
1120308	30	1	7
1120320	29	2	8
1120451	590	2	6
1120453	497	1	6
1120547	6	1	4
1120584	27	2	6
1120639	314	2	7
1120688	18	1	5
1120729	52	2	4
1120836	136	1	5
1120964	5	1	4
1121249	8	1	5
1121324	111	1	5
1121329	135	1	4
1121460	59	2	5
1121711	8	2	5
1121722	156	1	6
1121733	8	1	8
1121753	145	2	5
1121961	34	1	6
1122015	212	1	6
1122122	13	2	4
1122211	84	1	4
1122627	27	1	5
1122666	27	2	4
1122705	8	2	4
1122837	324	1	5
1122866	218	1	4
1122896	975	1	4
1122956	48	1	5
1123061	6	1	5
1123243	27	1	8
1123267	103	1	6
1123526	16	1	6
1123546	3	2	6
1123610	23	1	6
1123713	747	1	3
1123741	3	2	7
1123772	29	1	4
1123828	14	1	8
1124094	8	1	5
1124119	274	1	5
1124484	127	2	4
1124520	1014	2	8
1124775	5	2	6
1125111	8	1	5
1125286	164	2	7
1125426	3	2	7
1125608	24	1	4
1125609	474	1	9
1125621	367	1	5
1125800	15	1	7
1125846	105	1	6
1125879	13	1	8
1125975	55	1	4
1126249	165	1	4
1126322	8	2	9
1126362	3	1	9
1126427	752	1	6
1126443	733	2	8
1126728	16	2	7
1126946	403	1	8
1127176	1	1	3
1127611	6	1	4
1127667	6	1	7
1127690	201	1	8
1127906	34	1	6
1127913	6	2	5
1128088	8	1	5
1128558	284	1	6
1128581	874	1	6
1128636	105	1	6
1128740	391	1	6
1128777	55	1	6
1128804	14	1	5
1129023	35	1	6
1129138	27	2	7
1129239	16	2	4
1129325	1020	1	6
1129367	8	1	8
1129387	22	2	6
1129412	1075	1	8
1129658	155	2	6
1129721	198	1	7
1129730	526	1	7
1129993	840	2	5
1130017	71	2	4
1130020	14	1	7
1130124	66	1	6
1130394	64	2	4
1130431	18	1	5
1130473	16	1	3
1130516	3	1	4
1130676	283	1	5
1130859	55	2	5
1130923	27	1	9
1130996	573	2	8
1131030	12	2	6
1131214	41	1	7
1131217	123	2	5
1131564	244	1	9
1131565	55	1	5
1131614	483	2	5
1131634	27	1	4
1131900	13	1	8
1132041	519	1	9
1132144	151	2	4
1132403	53	1	4
1132652	144	1	6
1132765	1	1	7
1132853	59	1	6
1132957	144	1	5
1133027	37	2	5
1133178	12	2	8
1133210	8	2	7
1133221	798	1	6
1133252	218	2	4
1133593	18	1	7
1133954	286	2	5
1134009	8	1	7
1134086	8	2	7
1134111	987	2	5
1134118	377	1	6
1134201	781	1	8
1134264	8	1	4
1134314	400	1	9
1134526	31	2	7
1134542	105	1	5
1134599	13	1	9
1134670	125	1	7
1134773	71	1	5
1134804	43	1	7
1135059	8	2	8
1135141	3	2	6
1135251	144	2	7
1135477	892	1	3
1135790	27	1	7
1135810	16	1	7
1136006	42	2	8
1136049	125	2	9
1136134	326	1	8
1136308	8	2	6
1136379	1147	1	6
1136416	3	2	9
1136540	8	2	6
1136631	69	2	4
1136646	23	1	5
1136688	13	1	5
1136889	417	1	7
1136911	13	1	8
1137089	130	1	4
1137118	5	1	4
1137214	3	1	8
1137216	3	2	7
1137245	3	1	10
1137293	8	1	4
1137330	120	1	8
1137394	16	1	5
1137498	135	1	6
1137580	55	2	4
1137729	157	1	7
1137886	1025	1	7
1137910	141	1	5
1137943	5	1	5
1138050	6	1	6
1138067	493	1	6
1138139	1172	1	7
1138281	155	1	5
1138348	141	1	5
1138386	10	1	8
1138474	1	1	5
1138634	14	2	7
1138920	563	1	7
1139130	8	1	5
1139389	10	1	7
1139717	80	2	6
1139826	23	1	7
1140092	41	1	4
1140108	6	2	5
1140199	13	2	8
1140376	136	1	4
1140475	870	2	4
1140666	725	1	4
1140692	661	1	7
1140760	8	1	7
1140812	829	1	7
1140852	13	2	5
1140870	78	1	8
1140958	70	2	6
1141015	52	2	9
1141018	393	2	7
1141082	55	1	8
1141121	22	1	4
1141369	6	2	3
1141660	8	2	5
1141671	187	1	5
1141758	274	1	7
1141804	107	1	8
1142111	402	1	7
1142137	517	2	9
1142215	6	1	8
1142361	6	1	6
1142402	823	1	6
1142498	55	1	4
1142565	6	1	5
1142633	211	1	5
1142715	8	1	5
1142826	27	1	4
1142837	1	1	7
1142907	774	1	6
1143044	8	2	5
1143061	187	1	5
1143088	292	1	4
1143089	15	1	6
1143150	23	1	7
1143303	164	1	7
1143547	22	1	6
1143553	8	2	5
1143727	144	1	4
1143881	8	1	5
1144053	8	1	5
1144069	1126	1	6
1144124	8	2	5
1144228	615	1	6
1144271	58	2	6
1144292	6	1	5
1144329	6	1	5
1144415	106	1	4
1144740	65	1	5
1144743	27	1	5
1144752	64	1	7
1144938	14	2	4
1144960	245	2	5
1144980	13	1	6
1145262	11	1	5
1145437	195	2	10
1145525	8	1	6
1145651	155	1	7
1145653	13	1	7
1145822	43	2	4
1145827	259	2	4
1146158	103	2	6
1146342	78	1	5
1146450	61	1	9
1146455	8	2	4
1146527	44	1	6
1146745	9	2	4
1147115	105	2	5
1147135	78	2	8
1147207	42	1	5
1147415	13	1	6
1147707	105	1	4
1147853	144	1	8
1147911	37	1	6
1147933	17	1	4
1148033	8	1	7
1148083	439	1	5
1148100	43	1	5
1148102	69	1	7
1148138	1	1	6
1148151	24	1	5
1148330	27	1	6
1148334	16	1	5
1148560	1	1	8
1148622	290	1	4
1148682	369	2	7
1148933	123	1	4
1148980	49	2	9
1149005	504	2	9
1149016	337	1	4
1149127	52	2	5
1149150	664	1	6
1149157	3	1	4
1149250	71	1	7
1149297	1	1	4
1149350	23	1	5
1149373	105	1	7
1149732	8	1	7
1149859	443	1	5
1150321	1234	1	7
1150789	413	2	6
1150903	27	2	7
1151079	613	1	5
1151084	151	2	9
1151267	23	2	5
1151480	6	1	6
1151492	122	1	9
1151617	28	2	7
1151748	1160	1	7
1151757	644	2	4
1151824	6	1	4
1152050	5	1	7
1152144	6	1	3
1152271	55	1	5
1152303	123	1	7
1152328	286	1	5
1152795	1	1	5
1152828	247	1	8
1152938	8	1	6
1153017	27	1	5
1153306	1106	2	3
1153934	24	1	3
1154152	94	1	6
1154159	834	1	7
1154164	27	2	5
1154217	41	2	4
1154235	475	1	4
1154249	877	1	7
1154263	20	2	4
1154489	27	2	9
1154507	999	1	7
1154553	1088	1	4
1155043	16	2	3
1155074	361	1	9
1155404	107	1	6
1155601	8	1	6
1155728	6	1	4
1155730	493	2	4
1155905	8	2	5
1155933	71	1	3
1156097	349	2	6
1156110	18	1	4
1156168	174	2	8
1156375	106	2	5
1156445	64	1	6
1156522	27	1	6
1156565	540	1	9
1156601	112	1	5
1156672	8	2	4
1156817	455	2	6
1156818	104	1	5
1157082	97	2	7
1157277	537	1	5
1157397	49	1	5
1157436	879	1	7
1157769	73	2	5
1157871	420	1	6
1157984	541	2	6
1158009	286	2	4
1158240	43	2	5
1158447	1	1	7
1158587	23	2	2
1158657	530	2	5
1158719	58	1	6
1158948	8	1	6
1159033	76	1	4
1159054	3	1	8
1159075	308	2	3
1159096	123	2	6
1159270	6	2	5
1159312	13	2	8
1159565	1034	1	10
1159583	55	1	3
1159598	6	1	6
1159711	69	1	5
1159792	9	1	3
1159827	13	1	8
1160023	202	2	5
1160043	680	1	7
1160104	745	1	5
1160186	702	1	6
1160198	339	1	4
1160234	545	1	4
1160351	27	2	6
1160502	21	1	4
1160681	1016	1	6
1160840	6	1	8
1161039	13	1	5
1161160	5	2	6
1161186	28	2	7
1161241	8	1	8
1161250	3	2	3
1161267	71	1	4
1161448	43	1	7
1161655	52	1	8
1161661	14	1	6
1161747	64	2	6
1161854	78	2	8
1161913	27	2	7
1162115	46	2	3
1162121	5	2	3
1162139	8	1	5
1162311	16	1	3
1162525	11	1	6
1162764	394	1	7
1162789	9	1	4
1162794	340	1	8
1162870	1	2	7
1162877	309	1	4
1163192	15	1	5
1163590	14	1	5
1163631	634	1	8
1163751	456	1	6
1163888	6	1	5
1164107	10	1	5
1164153	71	2	5
1164399	31	1	4
1164541	18	2	5
1164566	71	1	6
1164743	8	2	5
1164847	5	1	7
1165046	156	1	5
1165105	23	2	3
1165363	23	1	3
1165413	26	1	4
1165516	34	1	7
1165593	8	2	7
1165630	105	1	5
1165684	37	1	5
1165693	6	1	3
1165785	842	2	5
1165991	216	1	7
1166109	91	1	4
1166193	12	1	6
1166228	1155	1	7
1166287	566	2	7
1166349	38	1	7
1166449	1008	1	4
1166510	105	2	8
1166542	16	1	5
1166969	620	1	4
1166989	84	2	7
1167174	41	1	7
1167439	47	2	4
1167632	60	1	6
1167891	106	2	3
1168302	13	1	4
1168424	136	1	3
1168502	178	1	7
1168530	8	2	5
1168745	8	1	9
1169055	156	1	4
1169140	1	1	5
1169159	36	2	5
1169807	15	1	4
1169987	53	1	3
1170574	91	1	4
1170696	410	1	4
1170930	1	1	3
1170968	23	1	2
1171011	14	1	4
1171624	71	2	7
1171930	12	1	2
1172597	23	1	3
1173250	176	1	4
1173441	176	1	4
1173453	169	1	5
1173629	6	2	4
1173922	1030	1	3
1174082	8	1	5
1174250	64	1	6
1174392	34	1	3
1174482	55	2	4
1174693	64	1	5
1174785	174	1	4
1175366	49	1	4
1175818	6	1	2
1175975	71	1	5
1177400	55	2	2
1178108	1	2	3
1178220	389	2	4
1178655	71	1	3
1179124	36	1	4
1179257	155	2	3
1179434	64	1	4
1179502	6	1	2
1179521	165	2	2
1179886	71	1	4
1180059	23	2	4
1180195	1	1	3
1180998	6	2	4
1182036	144	1	4
1182096	144	2	4
1182341	52	1	4
1182664	310	1	4
1182903	34	1	4
1182959	310	1	3
1183592	43	1	4
1184064	13	1	3
1184563	5	1	9
1185305	27	1	3
1185637	529	1	2
1185863	6	1	4
1186328	243	1	3
1186354	5	2	4
1187780	575	1	4
1188268	6	1	4
1189581	22	1	4
1189587	144	1	4
1189955	8	1	3
1190134	61	1	4
1190569	1084	1	4
1190738	22	1	4
1191173	95	1	5
1191224	55	1	4
1191334	286	1	4
1191368	168	1	4
1191614	53	1	4
1192264	9	2	3
1192411	144	1	3
1192595	9	2	3
1192818	95	1	4
1193429	539	1	4
1193532	1	2	2
1193616	122	1	4
1193886	43	1	4
1193897	8	1	4
1193975	5	2	4
1193996	323	2	3
1194092	26	1	4
1194203	1	1	4
1194606	370	2	4
1194786	16	1	4
1194806	340	1	4
1194813	6	2	4
1194815	42	1	4
1195460	217	1	4
1195513	1029	1	2
1196727	699	1	3
1196744	23	2	3
1197015	189	2	3
1197017	8	1	4
1197479	23	1	4
1197716	20	1	4
1197911	43	1	5
1198065	23	1	3
1198489	95	1	4
1198626	65	2	4
1198725	5	1	5
1199198	308	2	4
1199410	1	1	3
1199493	55	1	5
1199936	141	1	4
1199958	291	2	4
1200522	70	1	4
1200947	34	2	4
1201063	6	1	4
1201328	1002	1	4
1201654	6	2	4
1202206	16	2	2
1202716	8	1	3
1203303	141	1	2
1204139	8	1	2
1204579	8	1	4
1205890	144	1	4
1205955	157	2	4
1206043	14	1	4
1206193	58	1	3
1206439	23	1	4
1206557	82	2	4
1207078	8	1	3
1207130	230	1	4
1208463	1	1	4
1208560	13	1	3
1210007	6	1	2
1210277	23	1	3
1210587	173	2	4
1211426	258	2	2
1211879	134	2	7
1211979	13	2	4
1211987	324	1	3
1212172	106	1	4
1212229	16	2	4
1213557	94	1	5
1213844	109	1	4
1213873	23	1	4
1214348	9	1	4
1214358	176	2	4
1214609	103	1	4
1214647	13	1	4
1214839	845	1	4
1216494	830	1	4
1216654	599	2	4
1217321	3	1	4
1217335	52	1	5
1217383	1232	2	4
1217677	5	1	2
1218737	1018	1	4
1218749	41	2	3
1218909	59	2	5
1219120	186	1	4
1219717	10	2	3
1220204	43	1	5
1220299	272	1	5
1220322	6	2	2
1220507	567	1	4
1220515	23	1	4
1220575	598	2	3
1220873	842	1	3
1220891	147	1	4
1221391	34	1	4
1221618	14	2	4
1222311	58	1	4
1222573	43	1	5
1223029	842	2	4
1223250	914	1	3
1223320	141	1	3
1223434	20	1	3
1223674	8	2	5
1223712	748	1	4
1223936	14	1	5
1224317	8	1	4
1224524	27	2	4
1224710	398	1	4
1224865	14	2	4
1225013	1094	1	4
1225029	916	1	6
1225622	35	1	4
1225637	8	1	4
1225927	13	1	6
1226070	6	1	5
1226420	26	1	3
1227036	324	1	4
1227388	54	1	3
1227880	864	1	4
1227910	147	1	2
1227971	73	1	4
1228373	229	1	4
1228823	14	2	2
1229142	6	1	3
1229458	870	2	3
1229502	6	2	3
1229503	73	2	2
1231272	1053	2	3
1232010	997	2	6
1232089	70	1	5
1232450	6	1	3
1232928	43	2	3
1233154	487	2	3
1233393	77	1	2
1233419	25	1	2
1233836	6	2	3
1234464	55	2	3
1235927	8	2	2
1237975	6	1	2
1238027	55	1	4
1238165	254	1	2
1238251	58	1	3
1238894	739	1	4
1239754	6	1	5
1239781	421	1	3
1239893	122	1	3
1240037	691	1	4
1240253	222	1	3
1240277	8	1	3
1240428	153	2	3
1241574	917	2	3
1242167	5	2	4
1243917	43	2	6
1244878	43	2	3
1245179	23	1	2
1245260	147	2	3
1245821	59	1	3
1245969	13	2	3
1246216	8	2	3
1246500	6	2	1
1247100	122	1	4
1247642	59	1	3
1248408	65	2	3
1248467	27	1	6
1248828	8	1	4
1248997	3	1	4
1249214	23	2	6
1249240	6	2	2
1249341	302	1	3
1249815	17	1	5
1249925	144	1	7
1251649	5	1	4
1252122	8	1	2
1252524	14	1	3
1253086	570	1	7
1253419	144	2	3
1253761	15	1	2
1253818	63	1	3
1254429	27	1	4
1254642	80	1	3
1254885	8	1	5
1257313	343	1	5
1257926	6	1	3
1257972	144	2	3
1258518	9	1	3
1258893	115	2	4
1259230	86	1	5
1259712	1	2	3
1260132	1000	1	2
1260279	13	1	3
1260573	181	1	3
1260862	12	2	3
1261140	6	1	3
1263802	8	2	5
1264344	8	1	4
1264725	122	1	3
1265728	576	1	3
1265790	417	1	2
1266722	310	2	3
1266876	1	1	3
1266960	9	2	1
1268250	37	1	3
1268295	6	2	3
1269255	55	1	2
1269278	176	2	2
1269559	6	1	5
1269692	8	2	3
1269944	43	1	3
1270562	371	1	3
1270653	71	2	3
1270802	14	2	3
1271408	234	1	2
1271801	497	2	3
1272004	43	2	4
1272303	1097	2	3
1273062	123	1	3
1274228	110	1	5
1274242	346	1	4
1274245	280	1	6
1274252	115	1	4
1274262	397	1	4
1274288	115	1	5
1274296	114	1	6
1274298	895	2	4
1274320	1	1	4
1274329	363	1	6
1274331	702	1	6
1274365	54	1	4
1274382	176	1	4
1274400	576	1	3
1274414	594	1	5
1274416	619	1	3
1274431	1236	1	6
1274452	13	1	3
1274496	366	2	4
1274510	13	2	3
1274533	115	2	3
1274544	42	1	4
1274547	3	1	3
1274703	113	1	6
1274763	114	1	4
1274810	346	1	6
1274820	364	1	4
1274878	1	1	4
1274902	635	1	5
1274925	1076	1	2
1274928	535	1	6
1274969	8	2	3
1274972	8	1	4
1275017	37	1	5
1275018	8	1	3
1275055	6	2	2
1275108	55	2	3
1275114	110	1	5
1275120	115	1	8
1275147	899	1	5
1275224	304	2	4
1275260	475	2	3
1275271	501	1	3
1275277	1197	1	7
1275301	324	1	4
1275370	576	1	3
1275374	682	2	6
1275392	576	1	4
1275401	280	1	8
1275484	14	1	3
1275540	115	1	7
1275611	1028	2	7
1275721	364	1	4
1275800	529	1	4
1275864	113	1	5
1275883	8	2	2
1276028	29	2	3
1276032	115	2	2
1276116	475	1	2
1276136	42	1	4
1276164	229	2	4
1276175	534	1	5
1276543	72	1	6
1276834	3	2	4
1276893	689	2	5
1277492	593	1	5
1277560	739	2	7
1277666	413	1	9
1278962	384	2	5
1279984	1007	1	5
1280571	113	1	6
1280973	154	1	5
1281006	1	2	5
1281605	132	1	5
1281627	228	1	5
1282245	59	1	7
1282317	1132	1	4
1282502	1	1	6
1282659	43	2	6
1283130	15	1	5
1283454	151	1	6
1284266	394	1	6
1285091	437	2	5
1285263	224	1	5
1285363	12	1	4
1286302	3	1	5
1286367	62	1	8
1286677	1173	1	5
1286947	29	1	7
1287775	183	1	6
1288114	1134	1	5
1288307	14	1	7
1288483	1179	1	8
1288923	13	1	6
1289864	903	1	4
1289935	229	1	5
1290066	324	1	4
1290533	62	2	5
1290689	37	2	6
1291072	1	1	5
1291293	632	1	5
1291838	521	1	10
1293127	853	1	5
1293148	1	1	7
1293330	594	1	6
1293478	29	1	4
1294015	1073	2	3
1294247	5	1	5
1294383	34	1	5
1294698	14	1	8
1295511	437	1	6
1296413	3	1	5
1296435	897	1	5
1296987	122	1	7
1297185	1221	1	4
1298667	883	1	7
1299061	71	1	6
1299567	703	1	6
1299698	597	1	6
1300235	100	2	5
1300926	62	1	7
1301255	29	1	5
1302193	210	1	4
1302921	71	2	5
1302972	147	1	4
1303774	115	2	5
1304507	1164	2	3
1306635	122	1	3
1307243	71	1	3
1307449	9	2	3
1308577	1190	2	4
1309200	315	1	2
1309326	613	2	3
1310031	529	1	4
1310160	1137	2	3
1310683	91	1	2
1310887	862	1	4
1312778	3	1	3
1312902	631	1	3
1313004	16	1	5
1313023	695	1	4
1313030	114	1	3
1313037	5	1	2
1313094	115	1	5
1313275	346	1	6
1313303	324	2	3
1313337	641	1	1
1313408	14	1	3
1313445	691	2	6
1313507	58	1	3
1313533	21	1	4
1313629	670	1	5
1313646	8	1	4
1313678	3	1	2
1313696	1	2	4
1313716	635	1	6
1313727	475	2	5
1313817	902	2	3
1313851	613	1	3
1313870	694	1	4
1313917	729	1	4
1314060	3	1	3
1314222	115	1	4
1314344	873	2	4
1314352	1	2	3
1314535	114	1	3
1314604	62	1	3
1314626	151	2	3
1314666	61	2	5
1314702	1144	2	3
1314909	648	1	3
1314937	636	1	4
1314939	623	1	3
1314998	665	2	3
1315011	71	1	3
1315156	212	1	6
1315180	346	1	4
1315181	475	1	3
1315255	147	1	3
1315262	637	2	6
1315376	6	2	3
1315425	576	2	5
1315530	141	1	3
1315557	8	1	4
1315637	846	2	3
1315736	625	2	2
1315784	149	1	5
1315806	1121	1	2
1315809	340	1	4
1315861	110	2	3
1315933	694	1	4
1315938	703	1	6
1316109	1	1	3
1316146	1195	2	3
1316167	306	2	3
1316207	1226	1	3
1316365	694	1	4
1316446	1	1	3
1316514	366	1	4
1316641	629	1	6
1316713	66	1	4
1316958	613	1	2
1317424	325	2	3
1317528	1	2	4
1317605	698	2	5
1317646	14	1	3
1317670	113	1	4
1317680	13	2	3
1318141	694	1	6
1318216	110	1	7
1318326	196	2	3
1318502	695	1	5
1318561	894	2	3
1318674	889	2	3
1318675	98	2	3
1318816	141	1	3
1319032	114	2	3
1319045	301	1	5
1319097	9	2	2
1319220	1092	1	5
1319431	592	1	4
1319699	187	1	4
1319971	14	2	3
1321149	115	1	7
1321432	652	1	7
1321473	1	1	6
1321714	259	2	2
1321815	626	1	4
1321941	152	1	4
1322085	896	1	5
1322152	338	2	8
1322172	3	2	3
1322341	114	2	5
1322602	27	2	4
1323123	50	1	3
1323236	8	2	4
1323346	8	2	4
1323403	259	1	4
1323409	886	2	3
1324132	732	2	3
1324315	699	1	2
1324430	8	1	4
1324668	862	1	3
1324960	622	1	3
1325344	768	1	3
1325412	701	1	3
1325544	27	1	3
1325584	637	2	5
1325862	8	1	2
1325972	132	1	4
1326038	339	1	2
1326114	475	1	8
1326131	1078	2	2
1326531	29	1	3
1326535	120	2	5
1326766	307	2	2
1327042	119	2	3
1327045	6	2	2
1327055	304	1	6
1327511	286	2	6
1327899	1183	2	3
1327901	918	1	4
1328157	348	2	5
1328329	386	2	2
1328341	3	1	4
1328379	1	1	4
1328572	8	1	2
1329625	147	2	2
1329886	694	2	2
1329920	825	1	5
1329962	646	1	3
1330131	800	2	4
1330184	3	1	6
1330236	29	2	4
1330325	657	1	7
1331705	49	2	3
1331895	324	1	6
1332069	6	1	4
1332904	29	2	3
1333382	8	2	4
1333426	78	1	5
1334279	9	2	2
1334593	29	2	2
1334711	253	2	3
1335044	980	2	5
1335176	8	1	2
1335270	404	1	5
1335637	8	2	3
1336155	29	2	4
1336210	641	1	6
1336801	339	2	3
1337000	280	1	3
1337544	71	1	2
1337910	82	2	2
1338013	286	2	2
1338260	623	2	3
1338355	1077	1	4
1338361	332	2	3
1338915	13	1	4
1339078	705	2	3
1339540	324	1	4
1339756	529	2	2
1340945	423	2	3
1340947	421	1	3
1341144	839	1	4
1341318	1202	1	2
1341352	309	2	2
1341656	150	1	6
1341740	17	1	4
1341903	704	2	2
1342040	62	1	4
1342122	642	1	3
1342203	3	2	2
1342352	734	1	6
1342780	688	2	4
1343404	1068	1	7
1343435	636	2	7
1343519	364	2	5
1343773	1134	2	4
1344177	229	1	2
1344218	732	2	5
1344275	821	1	6
1344475	1095	1	5
1344655	228	2	3
1345504	128	1	3
1345773	8	1	3
1345953	871	1	7
1346155	9	2	4
1347752	1222	1	4
1348069	675	2	3
1348105	671	2	3
1348618	739	2	6
1349120	651	2	2
1349300	636	2	2
1349857	120	2	2
1349863	71	1	5
1350194	176	1	3
1350581	1167	1	3
1350680	113	1	5
1350741	47	1	6
1350749	26	1	1
1350818	874	1	3
1350996	475	2	2
1351117	50	2	2
1351432	278	2	6
1351579	286	2	5
1351674	147	2	3
1351916	228	2	2
1351920	37	2	4
1352180	1074	2	2
1352455	104	2	3
1352598	536	1	3
1352700	219	2	3
1352943	602	2	3
1353414	71	1	7
1353982	3	2	3
1354320	728	1	2
1354781	267	1	2
1355031	164	1	4
1355050	138	1	3
1355645	34	2	4
1355934	324	1	3
1356170	596	2	2
1356288	298	2	5
1356935	27	2	3
1357802	8	1	5
1357828	908	1	7
1358383	3	2	6
1360555	1211	1	4
1360721	90	2	8
1361503	887	1	5
1361812	3	1	6
1361969	891	1	4
1361996	850	1	8
1363072	428	2	2
1363386	904	2	3
1363698	9	2	4
1364073	113	2	2
1366811	615	2	2
1367422	673	2	4
1367639	339	1	3
1368881	890	1	3
1369576	45	2	6
1369648	37	1	3
1371455	631	2	5
1371931	78	1	7
1372457	313	2	2
1374847	1105	1	5
1375204	339	2	3
1375664	259	1	6
1376970	859	1	2
1377581	594	1	7
1378742	1125	1	4
1378804	672	1	6
1380032	324	1	5
1380491	42	2	5
1381856	27	2	3
1382297	1194	2	2
1382424	1168	2	5
1382782	252	1	3
1382983	6	2	4
1384073	9	1	3
1384893	1166	2	4
1385669	1163	1	2
1386043	147	1	2
1387551	122	2	1
1387960	3	2	4
1389039	693	1	8
1390667	623	1	4
1391113	1128	1	4
1391116	1129	1	4
1391119	1127	2	2
1392187	32	2	4
1392734	9	2	3
1394117	272	1	4
1395308	8	1	6
1395597	339	1	3
1396109	62	1	2
1396625	850	2	7
1396633	852	1	7
1398145	383	2	5
1398262	15	1	4
1398265	1224	1	2
1400464	1216	2	2
1403509	700	2	4
1404271	62	2	3
1406244	656	1	2
1408146	13	2	5
1409174	475	1	9
1409228	6	2	11
1410584	595	1	4
1410585	601	1	4
1410665	27	1	3
