1000145	1010504
1000145	1274973
1000148	1319315
1000526	1010208
1000526	1336763
1000572	1274644
1000572	1276105
1000652	1011479
1000787	1027871
1000810	1315820
1000823	1050906
1000905	1041007
1000905	1050059
1001714	1001714
1001714	1001714
1001714	1275650
1001714	1276056
1001955	1275114
1002280	1275397
1002344	1019963
1002344	1033690
1002344	1298890
1002495	1013738
1002495	1017456
1002495	1043277
1002495	1057004
1002495	1199259
1002495	1328156
1002691	1040762
1002692	1317092
1002908	1025141
1002908	1275879
1003500	1050906
1003755	1028297
1003755	1334212
1003803	1003803
1003803	1003803
1003803	1006668
1003807	1025426
1004530	1312699
1004579	1036438
1004579	1040505
1004579	1048130
1004579	1049524
1004579	1165105
1004583	1036370
1004590	1004590
1004590	1004590
1004590	1004681
1004590	1008068
1004590	1013879
1004590	1041122
1004681	1004590
1004773	1314827
1004817	1050492
1004858	1274636
1005060	1154507
1005149	1031884
1005214	1274412
1005214	1351088
1005286	1005286
1005286	1005286
1005286	1005460
1005286	1020412
1005286	1029119
1005286	1034674
1005286	1037363
1005286	1170118
1005286	1191334
1005286	1274398
1005319	1275114
1005460	1005286
1005555	1033257
1006093	1033713
1006292	1315820
1006330	1006330
1006330	1006330
1006330	1012650
1006330	1020385
1006330	1021383
1006330	1042568
1006330	1045190
1006330	1050906
1006330	1065424
1006330	1109839
1006330	1315820
1006330	1373378
1006668	1003803
1006668	1016228
1006668	1035579
1006668	1103138
1006668	1156828
1006692	1334340
1006871	1012794
1006938	1006938
1006938	1006938
1006938	1274081
1006938	1313841
1006938	1361309
1007189	1057004
1007189	1274351
1008068	1004590
1008069	1011479
1008070	1314222
1008125	1008810
1008125	1160186
1008125	1274366
1008604	1050906
1008810	1008125
1009179	1316331
1009219	1020385
1009378	1027871
1009483	1084848
1009702	1275037
1010188	1010188
1010188	1010188
1010188	1019481
1010188	1031241
1010188	1334340
1010208	1000526
1010208	1274247
1010208	1274287
1010208	1317092
1010294	1010294
1010294	1010294
1010294	1015928
1010294	1019646
1010294	1023929
1010294	1033326
1010294	1042056
1010294	1050492
1010294	1052098
1010294	1053845
1010294	1134773
1010294	1315011
1010302	1010302
1010302	1010302
1010302	1012314
1010302	1019382
1010302	1022858
1010302	1037957
1010302	1038451
1010487	1044705
1010504	1000145
1010504	1274648
1010504	1274699
1010504	1276105
1010504	1305386
1010504	1317578
1010564	1044868
1010633	1032178
1010746	1027871
1010940	1027883
1010940	1150279
1010940	1274242
1010940	1315678
1011479	1000652
1011479	1008069
1011479	1313907
1011513	1196361
1011562	1313809
1011562	1316093
1011935	1274361
1011935	1317578
1012196	1274247
1012314	1010302
1012463	1012650
1012581	1274351
1012646	1058399
1012646	1274287
1012650	1006330
1012650	1012463
1012650	1017011
1012650	1021258
1012650	1024551
1012650	1109839
1012794	1006871
1012794	1016968
1012794	1274416
1012794	1375560
1012794	1406541
1013705	1028360
1013738	1002495
1013738	1017011
1013738	1042909
1013738	1046471
1013764	1044868
1013782	1013782
1013782	1013782
1013782	1274762
1013782	1275948
1013782	1315861
1013835	1044868
1013879	1004590
1013912	1049580
1013997	1049500
1014006	1275344
1014172	1044868
1014173	1049580
1014223	1015928
1014456	1050906
1014473	1065424
1015116	1054279
1015120	1109839
1015199	1046960
1015199	1274274
1015199	1314477
1015199	1323131
1015203	1050492
1015928	1010294
1015928	1014223
1015928	1015928
1015928	1015928
1015928	1019486
1015928	1028795
1015928	1037118
1015928	1042693
1015928	1054423
1015928	1148044
1015928	1275385
1016228	1006668
1016228	1054423
1016771	1160186
1016771	1328845
1016847	1274388
1016866	1275475
1016875	1033713
1016968	1012794
1016968	1016968
1016968	1016968
1016968	1227580
1016968	1274386
1016968	1314832
1017011	1012650
1017011	1013738
1017011	1023929
1017011	1028338
1017011	1051674
1017011	1054279
1017207	1274366
1017207	1274550
1017207	1274939
1017207	1383691
1017456	1002495
1017865	1053845
1018667	1373378
1018687	1045190
1018688	1276063
1018708	1018708
1018708	1018708
1018708	1274263
1018708	1281579
1018779	1023468
1018779	1050699
1018779	1050937
1018820	1018820
1018820	1018820
1018820	1048476
1018820	1309215
1018820	1316921
1018820	1364073
1018990	1054279
1018990	1134773
1019033	1330554
1019271	1276063
1019278	1274331
1019278	1274580
1019382	1010302
1019481	1010188
1019481	1019481
1019481	1019481
1019486	1015928
1019576	1080463
1019646	1010294
1019646	1019646
1019646	1019646
1019646	1019960
1019646	1028297
1019646	1035784
1019646	1041791
1019646	1052098
1019646	1348459
1019960	1019646
1019963	1002344
1019963	1042642
1019963	1274902
1019963	1312770
1019963	1313429
1020385	1006330
1020385	1009219
1020385	1020385
1020385	1020385
1020412	1005286
1021108	1021108
1021108	1021108
1021108	1040092
1021108	1315200
1021258	1012650
1021383	1006330
1021383	1330848
1021999	1022664
1021999	1026454
1021999	1043330
1022563	1022563
1022563	1022563
1022563	1054530
1022563	1079595
1022563	1277560
1022582	1047996
1022664	1021999
1022664	1022664
1022664	1022664
1022664	1048476
1022664	1052811
1022664	1275120
1022664	1280664
1022664	1314473
1022858	1010302
1022881	1022881
1022881	1022881
1022881	1036323
1023236	1041007
1023431	1031241
1023431	1154507
1023468	1018779
1023529	1031241
1023541	1121531
1023541	1298890
1023769	1109839
1023924	1023924
1023924	1023924
1023924	1040092
1023924	1299052
1023929	1010294
1023929	1017011
1023929	1023929
1023929	1023929
1023948	1075760
1023948	1106979
1023948	1228553
1023948	1275063
1024103	1274351
1024551	1012650
1024775	1024775
1024775	1024775
1025141	1002908
1025141	1027883
1025141	1272245
1025141	1274761
1025141	1312699
1025141	1313460
1025141	1313598
1025141	1316969
1025141	1317578
1025141	1337942
1025196	1044705
1025210	1036438
1025210	1041115
1025426	1003807
1025426	1025426
1025426	1025426
1025426	1077298
1025426	1275401
1025531	1275037
1025536	1274242
1025561	1042056
1025561	1315011
1025655	1274434
1025738	1046132
1025819	1275397
1026454	1021999
1026454	1026454
1026454	1026454
1026454	1272245
1027197	1104778
1027343	1104778
1027502	1274496
1027502	1274607
1027528	1275344
1027577	1274760
1027577	1275277
1027577	1275781
1027577	1350209
1027853	1027853
1027853	1027853
1027853	1281025
1027871	1000787
1027871	1009378
1027871	1010746
1027871	1036438
1027871	1036452
1027883	1010940
1027883	1025141
1027883	1050540
1028094	1134773
1028166	1275344
1028297	1003755
1028297	1019646
1028297	1334212
1028338	1017011
1028338	1161267
1028338	1165478
1028360	1013705
1028360	1228553
1028783	1046204
1028795	1015928
1028801	1033099
1028801	1316809
1028978	1154507
1029037	1054279
1029037	1088015
1029119	1005286
1029137	1313889
1029137	1355229
1029309	1319384
1029395	1318604
1029733	1054279
1029791	1109839
1029875	1033257
1029890	1054279
1030431	1233486
1030431	1314625
1030431	1330848
1030629	1050482
1031241	1010188
1031241	1023431
1031241	1023529
1031241	1031241
1031241	1031241
1031884	1005149
1031884	1050430
1031921	1049484
1031927	1044878
1032178	1010633
1032178	1032178
1032178	1032178
1032239	1045682
1032342	1050147
1032365	1046132
1033011	1274972
1033056	1037408
1033099	1028801
1033099	1033099
1033099	1033099
1033105	1275344
1033175	1211334
1033257	1005555
1033257	1029875
1033257	1033791
1033257	1057004
1033257	1083884
1033257	1319689
1033326	1010294
1033326	1042417
1033326	1051741
1033690	1002344
1033690	1042056
1033690	1275349
1033690	1314682
1033713	1006093
1033713	1016875
1033713	1038228
1033713	1131413
1033713	1153477
1033791	1033257
1033794	1053845
1034162	1054279
1034637	1313462
1034674	1005286
1034896	1276108
1034896	1315116
1035354	1390399
1035372	1050492
1035579	1006668
1035579	1050059
1035643	1047996
1035784	1019646
1035898	1228553
1036321	1049500
1036323	1022881
1036323	1040762
1036323	1044705
1036370	1004583
1036370	1036370
1036370	1036370
1036370	1036438
1036370	1053615
1036370	1054419
1036438	1004579
1036438	1025210
1036438	1027871
1036438	1036370
1036438	1041146
1036438	1044868
1036438	1044878
1036438	1049580
1036438	1084848
1036452	1027871
1036525	1047905
1036641	1041528
1036839	1053618
1036892	1054279
1036905	1036905
1036905	1036905
1036905	1045679
1036905	1075862
1036905	1274497
1037023	1037023
1037023	1037023
1037118	1015928
1037123	1123419
1037363	1005286
1037408	1033056
1037445	1037445
1037445	1037445
1037445	1199198
1037715	1272245
1037715	1275948
1037741	1050906
1037747	1274237
1037851	1275948
1037957	1010302
1037957	1298890
1038228	1033713
1038451	1010302
1038928	1275397
1038974	1275948
1038974	1276056
1039218	1039218
1039218	1039218
1040092	1021108
1040092	1023924
1040392	1052229
1040392	1313238
1040392	1338492
1040505	1004579
1040762	1002691
1040762	1036323
1040762	1047974
1040762	1055364
1040856	1274684
1040986	1054279
1041007	1000905
1041007	1023236
1041007	1041007
1041007	1041007
1041007	1274319
1041007	1315678
1041007	1317594
1041115	1025210
1041122	1004590
1041146	1036438
1041146	1050147
1041200	1044868
1041404	1328339
1041425	1041425
1041425	1041425
1041425	1313660
1041425	1335771
1041528	1036641
1041528	1041528
1041528	1041528
1041528	1052460
1041528	1275611
1041528	1276063
1041528	1342496
1041791	1019646
1042056	1010294
1042056	1025561
1042056	1033690
1042417	1033326
1042417	1080463
1042434	1042434
1042434	1042434
1042434	1048469
1042568	1006330
1042568	1274242
1042568	1274263
1042568	1274463
1042568	1313598
1042568	1313809
1042642	1019963
1042693	1015928
1042909	1013738
1043136	1051051
1043136	1274497
1043136	1276043
1043136	1313855
1043277	1002495
1043330	1021999
1043330	1274762
1044705	1010487
1044705	1025196
1044705	1036323
1044746	1274607
1044868	1010564
1044868	1013764
1044868	1013835
1044868	1014172
1044868	1036438
1044868	1041200
1044868	1048363
1044868	1054455
1044868	1195513
1044878	1031927
1044878	1036438
1044878	1049913
1044964	1047994
1044964	1317030
1045190	1006330
1045190	1018687
1045190	1206783
1045190	1275190
1045290	1104778
1045679	1036905
1045682	1032239
1045682	1045682
1045682	1045682
1045682	1407937
1046132	1025738
1046132	1032365
1046132	1046132
1046132	1046132
1046132	1274928
1046204	1028783
1046204	1160620
1046471	1013738
1046772	1046772
1046772	1046772
1046772	1274350
1046960	1015199
1046960	1306547
1046960	1316969
1047083	1323131
1047358	1050059
1047905	1036525
1047905	1313597
1047905	1326477
1047974	1040762
1047994	1044964
1047996	1022582
1047996	1035643
1047996	1047996
1047996	1047996
1047996	1050430
1047996	1337108
1048000	1092956
1048130	1004579
1048131	1154507
1048363	1044868
1048469	1042434
1048476	1018820
1048476	1022664
1048476	1275475
1048476	1354788
1048674	1065424
1048689	1319384
1048884	1274863
1049484	1031921
1049484	1050430
1049484	1108075
1049500	1013997
1049500	1036321
1049500	1280317
1049524	1004579
1049549	1314222
1049580	1013912
1049580	1014173
1049580	1036438
1049580	1049580
1049580	1049580
1049580	1054422
1049764	1084848
1049913	1044878
1050059	1000905
1050059	1035579
1050059	1047358
1050059	1274305
1050059	1304661
1050059	1336763
1050059	1398339
1050147	1032342
1050147	1041146
1050147	1165105
1050179	1054340
1050265	1274247
1050276	1058399
1050430	1031884
1050430	1047996
1050430	1049484
1050430	1050430
1050430	1050430
1050430	1274667
1050482	1030629
1050482	1131413
1050492	1004817
1050492	1010294
1050492	1015203
1050492	1035372
1050492	1111459
1050492	1303018
1050492	1312854
1050540	1027883
1050540	1107699
1050540	1274291
1050540	1274319
1050540	1315058
1050699	1018779
1050906	1000823
1050906	1003500
1050906	1006330
1050906	1008604
1050906	1014456
1050906	1037741
1050906	1050906
1050906	1050906
1050937	1018779
1051051	1043136
1051051	1051051
1051051	1051051
1051051	1274290
1051526	1274237
1051674	1017011
1051741	1033326
1052098	1010294
1052098	1019646
1052229	1040392
1052359	1326059
1052460	1041528
1052460	1052460
1052460	1052460
1052811	1022664
1052863	1388983
1053615	1036370
1053618	1036839
1053618	1053618
1053618	1053618
1053618	1274650
1053618	1275934
1053618	1312818
1053845	1010294
1053845	1017865
1053845	1033794
1053845	1053845
1053845	1053845
1054239	1166896
1054279	1015116
1054279	1017011
1054279	1018990
1054279	1029037
1054279	1029733
1054279	1029890
1054279	1034162
1054279	1036892
1054279	1040986
1054279	1054279
1054279	1054279
1054279	1142576
1054279	1162877
1054340	1050179
1054391	1253822
1054419	1036370
1054422	1049580
1054423	1015928
1054423	1016228
1054424	1160186
1054424	1274331
1054455	1044868
1054530	1022563
1054562	1054562
1054562	1054562
1054562	1309215
1054562	1318061
1055364	1040762
1057004	1002495
1057004	1007189
1057004	1033257
1057004	1274351
1058399	1012646
1058399	1050276
1058399	1058399
1058399	1058399
1063704	1103138
1065424	1006330
1065424	1014473
1065424	1048674
1075760	1023948
1075862	1036905
1077298	1025426
1079595	1022563
1080463	1019576
1080463	1042417
1080463	1080463
1080463	1080463
1080463	1131413
1080463	1275872
1080463	1323403
1080463	1329406
1080463	1352493
1083884	1033257
1084848	1009483
1084848	1036438
1084848	1049764
1084848	1158948
1088015	1029037
1088015	1088015
1088015	1088015
1092956	1048000
1098360	1134773
1103138	1006668
1103138	1063704
1103585	1103585
1103585	1103585
1103585	1337234
1104778	1027197
1104778	1027343
1104778	1045290
1106979	1023948
1106979	1166703
1107699	1050540
1107699	1274496
1108075	1049484
1109839	1006330
1109839	1012650
1109839	1015120
1109839	1023769
1109839	1029791
1109839	1156488
1109839	1359145
1111459	1050492
1116446	1274237
1116446	1313350
1121101	1274237
1121531	1023541
1121531	1274607
1123419	1037123
1123419	1123419
1123419	1123419
1131413	1033713
1131413	1050482
1131413	1080463
1131413	1274434
1134773	1010294
1134773	1018990
1134773	1028094
1134773	1098360
1134773	1275907
1134773	1327135
1138335	1154507
1142576	1054279
1146001	1146001
1146001	1146001
1148044	1015928
1150279	1010940
1152771	1314473
1153477	1033713
1154507	1005060
1154507	1023431
1154507	1028978
1154507	1048131
1154507	1138335
1154507	1310761
1156488	1109839
1156828	1006668
1158948	1084848
1160186	1008125
1160186	1016771
1160186	1054424
1160620	1046204
1161267	1028338
1162794	1298890
1162877	1054279
1165105	1004579
1165105	1050147
1165478	1028338
1166703	1106979
1166703	1166703
1166703	1166703
1166703	1313350
1166703	1316750
1166896	1054239
1166896	1166896
1166896	1166896
1167498	1223767
1170118	1005286
1186926	1276056
1191334	1005286
1195513	1044868
1196361	1011513
1196361	1274762
1196361	1316146
1198257	1326389
1199198	1037445
1199259	1002495
1204410	1313275
1205810	1244920
1206783	1045190
1211334	1033175
1211334	1211334
1211334	1211334
1211334	1366071
1211987	1315908
1215394	1274703
1215394	1313275
1223767	1167498
1223767	1223767
1223767	1223767
1227580	1016968
1227580	1227580
1227580	1227580
1227580	1298890
1227580	1319384
1228553	1023948
1228553	1028360
1228553	1035898
1228553	1228553
1228553	1228553
1233486	1030431
1244920	1205810
1244920	1274242
1245185	1354796
1253497	1315011
1253822	1054391
1265728	1274434
1272245	1025141
1272245	1026454
1272245	1037715
1272245	1275948
1272245	1316345
1272245	1376639
1274081	1006938
1274223	1313889
1274223	1316990
1274230	1275542
1274233	1274233
1274233	1274233
1274233	1274287
1274233	1275650
1274235	1313275
1274235	1322085
1274237	1037747
1274237	1051526
1274237	1116446
1274237	1121101
1274237	1275650
1274237	1301697
1274237	1301709
1274237	1313388
1274237	1314747
1274237	1315908
1274237	1317030
1274237	1367694
1274242	1010940
1274242	1025536
1274242	1042568
1274242	1244920
1274242	1274392
1274242	1280571
1274247	1010208
1274247	1012196
1274247	1050265
1274247	1287953
1274247	1316511
1274247	1349805
1274247	1357009
1274249	1274249
1274249	1274249
1274249	1275049
1274249	1314477
1274249	1320285
1274249	1390399
1274255	1366978
1274263	1018708
1274263	1042568
1274263	1274263
1274263	1274263
1274263	1290575
1274274	1015199
1274274	1274667
1274274	1361309
1274276	1274276
1274276	1274276
1274276	1276043
1274276	1317146
1274278	1274278
1274278	1274278
1274278	1301518
1274278	1322085
1274279	1315678
1274287	1010208
1274287	1012646
1274287	1274233
1274287	1353600
1274288	1383691
1274290	1051051
1274291	1050540
1274296	1390399
1274301	1274301
1274301	1274301
1274301	1351088
1274303	1313581
1274305	1050059
1274305	1326290
1274319	1041007
1274319	1050540
1274331	1019278
1274331	1054424
1274331	1274331
1274331	1274331
1274350	1046772
1274350	1298890
1274351	1007189
1274351	1012581
1274351	1024103
1274351	1057004
1274361	1011935
1274361	1274361
1274361	1274361
1274361	1274683
1274361	1275432
1274361	1275880
1274361	1313563
1274361	1315812
1274361	1328440
1274361	1333341
1274366	1008125
1274366	1017207
1274366	1276152
1274366	1333277
1274386	1016968
1274388	1016847
1274388	1313275
1274388	1317030
1274388	1319279
1274388	1333354
1274391	1313889
1274392	1274242
1274392	1376016
1274398	1005286
1274412	1005214
1274416	1012794
1274434	1025655
1274434	1131413
1274434	1265728
1274434	1316141
1274434	1328737
1274434	1351082
1274463	1042568
1274463	1274463
1274463	1274463
1274463	1274762
1274463	1316545
1274494	1327766
1274496	1027502
1274496	1107699
1274496	1275948
1274496	1316969
1274497	1036905
1274497	1043136
1274497	1275506
1274497	1275954
1274497	1290001
1274497	1309875
1274497	1314525
1274535	1337425
1274550	1017207
1274550	1274550
1274550	1274550
1274550	1274855
1274550	1274904
1274550	1298649
1274550	1300406
1274550	1313870
1274550	1316146
1274576	1313275
1274576	1316969
1274576	1316990
1274580	1019278
1274607	1027502
1274607	1044746
1274607	1121531
1274607	1274607
1274607	1274607
1274628	1274628
1274628	1274628
1274628	1383691
1274636	1004858
1274636	1333354
1274641	1275455
1274644	1000572
1274644	1274650
1274647	1274647
1274647	1274647
1274647	1306547
1274647	1322527
1274648	1010504
1274648	1274652
1274650	1053618
1274650	1274644
1274650	1313462
1274650	1314321
1274652	1274648
1274652	1276038
1274652	1314844
1274652	1326290
1274663	1300406
1274663	1319315
1274666	1275718
1274666	1326280
1274667	1050430
1274667	1274274
1274667	1274667
1274667	1274667
1274670	1313275
1274670	1313315
1274683	1274361
1274684	1040856
1274684	1317854
1274684	1383831
1274699	1010504
1274703	1215394
1274707	1274779
1274724	1313870
1274737	1354685
1274760	1027577
1274760	1274760
1274760	1274760
1274760	1275455
1274761	1025141
1274761	1275455
1274761	1312699
1274761	1314827
1274762	1013782
1274762	1043330
1274762	1196361
1274762	1274463
1274762	1274762
1274762	1274762
1274762	1276105
1274762	1314222
1274762	1373780
1274779	1274707
1274779	1389039
1274825	1275880
1274825	1300406
1274825	1335623
1274841	1274841
1274841	1274841
1274855	1274550
1274855	1276043
1274855	1355237
1274863	1048884
1274900	1275650
1274900	1373721
1274902	1019963
1274904	1274550
1274921	1274921
1274921	1274921
1274921	1301518
1274923	1275475
1274928	1046132
1274939	1017207
1274943	1275455
1274943	1315861
1274972	1033011
1274972	1313275
1274973	1000145
1274973	1274973
1274973	1274973
1274973	1314473
1275037	1009702
1275037	1025531
1275037	1275037
1275037	1275037
1275037	1330848
1275044	1312699
1275049	1274249
1275063	1023948
1275114	1001955
1275114	1005319
1275114	1275547
1275114	1314603
1275114	1316668
1275114	1323131
1275120	1022664
1275176	1316135
1275190	1045190
1275271	1319384
1275277	1027577
1275277	1275277
1275277	1275277
1275280	1322731
1275293	1319279
1275343	1275344
1275344	1014006
1275344	1027528
1275344	1028166
1275344	1033105
1275344	1275343
1275344	1275392
1275344	1314832
1275344	1315181
1275349	1033690
1275385	1015928
1275392	1275344
1275397	1002280
1275397	1025819
1275397	1038928
1275401	1025426
1275432	1274361
1275455	1274641
1275455	1274760
1275455	1274761
1275455	1274943
1275455	1319091
1275457	1275650
1275457	1325633
1275457	1359191
1275475	1016866
1275475	1048476
1275475	1274923
1275506	1274497
1275508	1275948
1275536	1316809
1275542	1274230
1275547	1275114
1275559	1315011
1275611	1041528
1275633	1276050
1275649	1315113
1275649	1351088
1275650	1001714
1275650	1274233
1275650	1274237
1275650	1274900
1275650	1275457
1275650	1312271
1275705	1312699
1275718	1274666
1275718	1314477
1275749	1313581
1275764	1319315
1275781	1027577
1275864	1315908
1275872	1080463
1275879	1002908
1275880	1274361
1275880	1274825
1275880	1275880
1275880	1275880
1275907	1134773
1275934	1053618
1275948	1013782
1275948	1037715
1275948	1037851
1275948	1038974
1275948	1272245
1275948	1274496
1275948	1275508
1275954	1274497
1276038	1274652
1276043	1043136
1276043	1274276
1276043	1274855
1276046	1290575
1276050	1275633
1276054	1355229
1276056	1001714
1276056	1038974
1276056	1186926
1276056	1276056
1276056	1276056
1276056	1280571
1276056	1323916
1276063	1018688
1276063	1019271
1276063	1041528
1276063	1322228
1276105	1000572
1276105	1010504
1276105	1274762
1276105	1326290
1276105	1351088
1276105	1357009
1276105	1366978
1276108	1034896
1276144	1276144
1276144	1276144
1276152	1274366
1277560	1022563
1280317	1049500
1280522	1407937
1280571	1274242
1280571	1276056
1280664	1022664
1281025	1027853
1281579	1018708
1285109	1314827
1287953	1274247
1287953	1317030
1290001	1274497
1290575	1274263
1290575	1276046
1292855	1299052
1298649	1274550
1298890	1002344
1298890	1023541
1298890	1037957
1298890	1162794
1298890	1227580
1298890	1274350
1298890	1330848
1299052	1023924
1299052	1292855
1299052	1299052
1299052	1299052
1299052	1314482
1299052	1322311
1300406	1274550
1300406	1274663
1300406	1274825
1300406	1318361
1300406	1336305
1301518	1274278
1301518	1274921
1301518	1326290
1301697	1274237
1301697	1326290
1301697	1337629
1301709	1274237
1303018	1050492
1304159	1304159
1304159	1304159
1304661	1050059
1305386	1010504
1306547	1046960
1306547	1274647
1306547	1306547
1306547	1306547
1306547	1315908
1306547	1322731
1309215	1018820
1309215	1054562
1309215	1317986
1309385	1309385
1309385	1309385
1309875	1274497
1309922	1366846
1310761	1154507
1312271	1275650
1312271	1312271
1312271	1312271
1312271	1326733
1312699	1004530
1312699	1025141
1312699	1274761
1312699	1275044
1312699	1275705
1312699	1312818
1312770	1019963
1312818	1053618
1312818	1312699
1312818	1373780
1312846	1313855
1312846	1337942
1312854	1050492
1312856	1319608
1312914	1313315
1312944	1312944
1312944	1312944
1312972	1326280
1313024	1317578
1313238	1040392
1313275	1204410
1313275	1215394
1313275	1274235
1313275	1274388
1313275	1274576
1313275	1274670
1313275	1274972
1313275	1313275
1313275	1313275
1313275	1355239
1313279	1340271
1313279	1354796
1313279	1390399
1313315	1274670
1313315	1312914
1313315	1313315
1313315	1313315
1313315	1316159
1313315	1316513
1313315	1348506
1313350	1116446
1313350	1166703
1313351	1340271
1313388	1274237
1313429	1019963
1313460	1025141
1313462	1034637
1313462	1274650
1313462	1313882
1313462	1323131
1313563	1274361
1313581	1274303
1313581	1275749
1313581	1313581
1313581	1313581
1313597	1047905
1313597	1325322
1313598	1025141
1313598	1042568
1313598	1313598
1313598	1313598
1313660	1041425
1313660	1339078
1313672	1327766
1313716	1373378
1313809	1011562
1313809	1042568
1313809	1316093
1313841	1006938
1313855	1043136
1313855	1312846
1313855	1313855
1313855	1313855
1313870	1274550
1313870	1274724
1313881	1388983
1313882	1313462
1313889	1029137
1313889	1274223
1313889	1274391
1313889	1313889
1313889	1313889
1313889	1314747
1313907	1011479
1313907	1316969
1313907	1326290
1313945	1316093
1313964	1366978
1313982	1313982
1313982	1313982
1313982	1314404
1313982	1316125
1314005	1319608
1314112	1354796
1314222	1008070
1314222	1049549
1314222	1274762
1314321	1274650
1314404	1313982
1314473	1022664
1314473	1152771
1314473	1274973
1314477	1015199
1314477	1274249
1314477	1275718
1314477	1314477
1314477	1314477
1314482	1299052
1314482	1319279
1314525	1274497
1314525	1326290
1314603	1275114
1314625	1030431
1314682	1033690
1314738	1315095
1314747	1274237
1314747	1313889
1314747	1348091
1314754	1354796
1314827	1004773
1314827	1274761
1314827	1285109
1314827	1314827
1314827	1314827
1314827	1323131
1314827	1341082
1314832	1016968
1314832	1275344
1314844	1274652
1314858	1314858
1314858	1314858
1314858	1316990
1315011	1010294
1315011	1025561
1315011	1253497
1315011	1275559
1315011	1315011
1315011	1315011
1315011	1329523
1315058	1050540
1315095	1314738
1315113	1275649
1315113	1315113
1315113	1315113
1315113	1315463
1315113	1316125
1315116	1034896
1315116	1315116
1315116	1315116
1315181	1275344
1315200	1021108
1315294	1319608
1315295	1325322
1315295	1383691
1315457	1329792
1315463	1315113
1315474	1319608
1315668	1361309
1315678	1010940
1315678	1041007
1315678	1274279
1315812	1274361
1315820	1000810
1315820	1006292
1315820	1006330
1315861	1013782
1315861	1274943
1315866	1316969
1315866	1317578
1315908	1211987
1315908	1274237
1315908	1275864
1315908	1306547
1315908	1315908
1315908	1315908
1316093	1011562
1316093	1313809
1316093	1313945
1316125	1313982
1316125	1315113
1316135	1275176
1316135	1318604
1316141	1274434
1316146	1196361
1316146	1274550
1316159	1313315
1316331	1009179
1316331	1316331
1316331	1316331
1316331	1316969
1316331	1397524
1316345	1272245
1316511	1274247
1316513	1313315
1316545	1274463
1316668	1275114
1316750	1166703
1316809	1028801
1316809	1275536
1316809	1318215
1316921	1018820
1316969	1025141
1316969	1046960
1316969	1274496
1316969	1274576
1316969	1313907
1316969	1315866
1316969	1316331
1316969	1316969
1316969	1316969
1316990	1274223
1316990	1274576
1316990	1314858
1317030	1044964
1317030	1274237
1317030	1274388
1317030	1287953
1317030	1317030
1317030	1317030
1317030	1354796
1317092	1002692
1317092	1010208
1317102	1337794
1317146	1274276
1317578	1010504
1317578	1011935
1317578	1025141
1317578	1313024
1317578	1315866
1317578	1319315
1317578	1337794
1317594	1041007
1317854	1274684
1317855	1328277
1317975	1349806
1317975	1351370
1317975	1389413
1317986	1309215
1318061	1054562
1318215	1316809
1318361	1300406
1318604	1029395
1318604	1316135
1318605	1318605
1318605	1318605
1319091	1275455
1319279	1274388
1319279	1275293
1319279	1314482
1319279	1319279
1319279	1319279
1319315	1000148
1319315	1274663
1319315	1275764
1319315	1317578
1319315	1341783
1319315	1373780
1319384	1029309
1319384	1048689
1319384	1227580
1319384	1275271
1319384	1319384
1319384	1319384
1319384	1399665
1319608	1312856
1319608	1314005
1319608	1315294
1319608	1315474
1319608	1319608
1319608	1319608
1319608	1325380
1319689	1033257
1320285	1274249
1322085	1274235
1322085	1274278
1322085	1361309
1322129	1322129
1322129	1322129
1322228	1276063
1322311	1299052
1322527	1274647
1322527	1322527
1322527	1322527
1322528	1322528
1322528	1322528
1322731	1275280
1322731	1306547
1323131	1015199
1323131	1047083
1323131	1275114
1323131	1313462
1323131	1314827
1323131	1323131
1323131	1323131
1323225	1328339
1323403	1080463
1323916	1276056
1324029	1381015
1324656	1376639
1325012	1342496
1325127	1337794
1325322	1313597
1325322	1315295
1325380	1319608
1325633	1275457
1325633	1355239
1325633	1359191
1326059	1052359
1326280	1274666
1326280	1312972
1326290	1274305
1326290	1274652
1326290	1276105
1326290	1301518
1326290	1301697
1326290	1313907
1326290	1314525
1326290	1351088
1326382	1348091
1326389	1198257
1326477	1047905
1326496	1354796
1326733	1312271
1326733	1349805
1326733	1390399
1327135	1134773
1327766	1274494
1327766	1313672
1328156	1002495
1328277	1317855
1328290	1335623
1328339	1041404
1328339	1323225
1328440	1274361
1328737	1274434
1328769	1348091
1328845	1016771
1329406	1080463
1329523	1315011
1329792	1315457
1330554	1019033
1330554	1357009
1330848	1021383
1330848	1030431
1330848	1275037
1330848	1298890
1333277	1274366
1333341	1274361
1333354	1274388
1333354	1274636
1333354	1342776
1334212	1003755
1334212	1028297
1334340	1006692
1334340	1010188
1334340	1381952
1335623	1274825
1335623	1328290
1335623	1335623
1335623	1335623
1335771	1041425
1336305	1300406
1336763	1000526
1336763	1050059
1336763	1336763
1336763	1336763
1336855	1339078
1337108	1047996
1337234	1103585
1337270	1349806
1337425	1274535
1337427	1337427
1337427	1337427
1337427	1340271
1337427	1345427
1337573	1383691
1337629	1301697
1337794	1317102
1337794	1317578
1337794	1325127
1337794	1337794
1337794	1337794
1337942	1025141
1337942	1312846
1337942	1337942
1337942	1337942
1338265	1348091
1338492	1040392
1339078	1313660
1339078	1336855
1339588	1354788
1340271	1313279
1340271	1313351
1340271	1337427
1341082	1314827
1341783	1319315
1342496	1041528
1342496	1325012
1342776	1333354
1345427	1337427
1348088	1348091
1348088	1355239
1348091	1314747
1348091	1326382
1348091	1328769
1348091	1338265
1348091	1348088
1348091	1348091
1348091	1348091
1348091	1350408
1348459	1019646
1348506	1313315
1349805	1274247
1349805	1326733
1349806	1317975
1349806	1337270
1349806	1355229
1350209	1027577
1350408	1348091
1351082	1274434
1351088	1005214
1351088	1274301
1351088	1275649
1351088	1276105
1351088	1326290
1351370	1317975
1352493	1080463
1353600	1274287
1353733	1354788
1354685	1274737
1354685	1354685
1354685	1354685
1354685	1361309
1354685	1392903
1354788	1048476
1354788	1339588
1354788	1353733
1354796	1245185
1354796	1313279
1354796	1314112
1354796	1314754
1354796	1317030
1354796	1326496
1354796	1354796
1354796	1354796
1355229	1029137
1355229	1276054
1355229	1349806
1355237	1274855
1355237	1355237
1355237	1355237
1355239	1313275
1355239	1325633
1355239	1348088
1357009	1274247
1357009	1276105
1357009	1330554
1359145	1109839
1359191	1275457
1359191	1325633
1361309	1006938
1361309	1274274
1361309	1315668
1361309	1322085
1361309	1354685
1364073	1018820
1366071	1211334
1366846	1309922
1366978	1274255
1366978	1276105
1366978	1313964
1367694	1274237
1373378	1006330
1373378	1018667
1373378	1313716
1373721	1274900
1373721	1373721
1373721	1373721
1373780	1274762
1373780	1312818
1373780	1319315
1375560	1012794
1376016	1274392
1376639	1272245
1376639	1324656
1381015	1324029
1381952	1334340
1383691	1017207
1383691	1274288
1383691	1274628
1383691	1315295
1383691	1337573
1383691	1383691
1383691	1383691
1383831	1274684
1388983	1052863
1388983	1313881
1388983	1388983
1388983	1388983
1389039	1274779
1389413	1317975
1390399	1035354
1390399	1274249
1390399	1274296
1390399	1313279
1390399	1326733
1392903	1354685
1397524	1316331
1398339	1050059
1399665	1319384
1406541	1012794
1407937	1045682
1407937	1280522
